#Instance: 
25 80 100 1.0
1 2 91.000000 235.000000
1 6 97.000000 382.000000
2 1 95.000000 201.000000
2 3 82.000000 237.000000
2 7 92.000000 249.000000
3 2 85.000000 451.000000
3 4 95.000000 514.000000
3 8 97.000000 388.000000
4 3 93.000000 274.000000
4 5 83.000000 241.000000
4 9 85.000000 291.000000
5 4 99.000000 240.000000
5 10 87.000000 209.000000
6 1 80.000000 226.000000
6 7 85.000000 581.000000
6 11 98.000000 410.000000
7 2 88.000000 353.000000
7 6 93.000000 541.000000
7 8 84.000000 523.000000
7 12 85.000000 322.000000
8 3 81.000000 448.000000
8 7 96.000000 256.000000
8 9 96.000000 382.000000
8 13 88.000000 380.000000
9 4 87.000000 293.000000
9 8 98.000000 484.000000
9 10 84.000000 308.000000
9 14 97.000000 517.000000
10 5 100.000000 367.000000
10 9 83.000000 381.000000
10 15 99.000000 315.000000
11 6 94.000000 512.000000
11 12 88.000000 251.000000
11 16 86.000000 496.000000
12 7 96.000000 402.000000
12 11 83.000000 399.000000
12 13 98.000000 475.000000
12 17 85.000000 549.000000
13 8 93.000000 331.000000
13 12 86.000000 366.000000
13 14 93.000000 399.000000
13 18 94.000000 480.000000
14 9 82.000000 363.000000
14 13 96.000000 481.000000
14 15 91.000000 537.000000
14 19 88.000000 249.000000
15 10 92.000000 476.000000
15 14 98.000000 418.000000
15 20 83.000000 348.000000
16 11 82.000000 431.000000
16 17 88.000000 571.000000
16 21 94.000000 355.000000
17 12 96.000000 281.000000
17 16 94.000000 293.000000
17 18 80.000000 380.000000
17 22 94.000000 380.000000
18 13 86.000000 326.000000
18 17 100.000000 588.000000
18 19 100.000000 390.000000
18 23 94.000000 395.000000
19 14 82.000000 241.000000
19 18 89.000000 550.000000
19 20 98.000000 495.000000
19 24 88.000000 268.000000
20 15 100.000000 504.000000
20 19 89.000000 343.000000
20 25 81.000000 483.000000
21 16 92.000000 195.000000
21 22 98.000000 369.000000
22 17 92.000000 426.000000
22 21 92.000000 283.000000
22 23 92.000000 230.000000
23 18 96.000000 473.000000
23 22 94.000000 302.000000
23 24 99.000000 473.000000
24 19 97.000000 568.000000
24 23 97.000000 377.000000
24 25 92.000000 502.000000
25 20 89.000000 560.000000
25 24 95.000000 308.000000
18 15 69.000000
6 1 79.000000
11 21 20.000000
7 15 51.000000
4 21 84.000000
20 10 42.000000
12 10 55.000000
24 11 33.000000
11 25 63.000000
20 21 87.000000
19 12 13.000000
14 10 18.000000
18 11 16.000000
18 23 58.000000
18 4 85.000000
10 23 75.000000
6 3 93.000000
21 17 82.000000
1 16 43.000000
2 18 97.000000
18 25 44.000000
23 16 55.000000
9 7 80.000000
23 4 79.000000
2 21 54.000000
20 24 85.000000
18 3 55.000000
12 8 42.000000
15 3 11.000000
6 19 36.000000
7 11 29.000000
24 25 59.000000
10 8 86.000000
3 5 91.000000
1 19 16.000000
22 7 78.000000
7 1 30.000000
6 20 33.000000
22 18 15.000000
7 17 69.000000
25 9 51.000000
20 8 57.000000
6 15 65.000000
8 17 60.000000
8 13 81.000000
13 23 78.000000
22 16 59.000000
17 21 38.000000
11 6 38.000000
23 5 96.000000
5 3 34.000000
5 22 37.000000
13 7 100.000000
6 23 92.000000
10 2 83.000000
7 18 83.000000
17 15 84.000000
16 14 38.000000
14 3 12.000000
13 11 28.000000
3 22 63.000000
16 15 92.000000
1 7 52.000000
5 4 83.000000
4 6 17.000000
11 13 57.000000
9 10 60.000000
9 12 22.000000
4 15 95.000000
25 16 59.000000
21 14 80.000000
12 9 40.000000
9 2 72.000000
2 12 75.000000
18 5 47.000000
21 12 91.000000
15 19 17.000000
14 4 11.000000
19 22 16.000000
10 16 45.000000
25 1 95.000000
23 13 57.000000
13 24 74.000000
17 24 85.000000
6 16 43.000000
8 18 16.000000
7 8 100.000000
6 9 49.000000
18 8 11.000000
14 25 20.000000
5 25 39.000000
14 23 91.000000
1 18 60.000000
4 16 74.000000
17 8 70.000000
23 3 15.000000
3 25 29.000000
14 13 48.000000
11 1 52.000000
19 7 96.000000

