#Instance: 
400 1520 400 1.0
1 2 91.000000 463.000000
1 21 97.000000 610.000000
2 1 95.000000 429.000000
2 3 82.000000 465.000000
2 22 92.000000 477.000000
3 2 85.000000 679.000000
3 4 95.000000 742.000000
3 23 97.000000 616.000000
4 3 93.000000 502.000000
4 5 83.000000 469.000000
4 24 85.000000 519.000000
5 4 99.000000 468.000000
5 6 87.000000 437.000000
5 25 80.000000 454.000000
6 5 85.000000 809.000000
6 7 98.000000 638.000000
6 26 88.000000 581.000000
7 6 93.000000 769.000000
7 8 84.000000 751.000000
7 27 85.000000 550.000000
8 7 81.000000 676.000000
8 9 96.000000 484.000000
8 28 96.000000 610.000000
9 8 88.000000 608.000000
9 10 87.000000 521.000000
9 29 98.000000 712.000000
10 9 84.000000 536.000000
10 11 97.000000 745.000000
10 30 100.000000 595.000000
11 10 83.000000 609.000000
11 12 99.000000 543.000000
11 31 94.000000 740.000000
12 11 88.000000 479.000000
12 13 86.000000 724.000000
12 32 96.000000 630.000000
13 12 83.000000 627.000000
13 14 98.000000 703.000000
13 33 85.000000 777.000000
14 13 93.000000 559.000000
14 15 86.000000 594.000000
14 34 93.000000 627.000000
15 14 94.000000 708.000000
15 16 82.000000 591.000000
15 35 96.000000 709.000000
16 15 91.000000 765.000000
16 17 88.000000 477.000000
16 36 92.000000 704.000000
17 16 98.000000 646.000000
17 18 83.000000 576.000000
17 37 82.000000 659.000000
18 17 88.000000 799.000000
18 19 94.000000 583.000000
18 38 96.000000 509.000000
19 18 94.000000 521.000000
19 20 80.000000 608.000000
19 39 94.000000 608.000000
20 19 86.000000 554.000000
20 40 100.000000 816.000000
21 1 100.000000 618.000000
21 22 94.000000 623.000000
21 41 82.000000 469.000000
22 2 89.000000 778.000000
22 21 98.000000 723.000000
22 23 88.000000 496.000000
22 42 100.000000 732.000000
23 3 89.000000 571.000000
23 22 81.000000 711.000000
23 24 92.000000 423.000000
23 43 98.000000 597.000000
24 4 92.000000 654.000000
24 23 92.000000 511.000000
24 25 92.000000 458.000000
24 44 96.000000 701.000000
25 5 94.000000 530.000000
25 24 99.000000 701.000000
25 26 97.000000 796.000000
25 45 97.000000 605.000000
26 6 92.000000 730.000000
26 25 89.000000 788.000000
26 27 95.000000 536.000000
26 46 82.000000 698.000000
27 7 84.000000 516.000000
27 26 89.000000 589.000000
27 28 99.000000 520.000000
27 47 96.000000 472.000000
28 8 81.000000 739.000000
28 27 94.000000 606.000000
28 29 94.000000 789.000000
28 48 95.000000 582.000000
29 9 80.000000 732.000000
29 28 81.000000 717.000000
29 30 95.000000 629.000000
29 49 94.000000 697.000000
30 10 95.000000 701.000000
30 29 81.000000 698.000000
30 31 88.000000 565.000000
30 50 81.000000 563.000000
31 11 94.000000 464.000000
31 30 80.000000 681.000000
31 32 98.000000 665.000000
31 51 94.000000 693.000000
32 12 80.000000 810.000000
32 31 86.000000 664.000000
32 33 95.000000 521.000000
32 52 82.000000 476.000000
33 13 98.000000 742.000000
33 32 85.000000 793.000000
33 34 81.000000 467.000000
33 53 95.000000 548.000000
34 14 86.000000 459.000000
34 33 91.000000 710.000000
34 35 93.000000 591.000000
34 54 87.000000 809.000000
35 15 96.000000 546.000000
35 34 99.000000 500.000000
35 36 99.000000 719.000000
35 55 89.000000 519.000000
36 16 98.000000 429.000000
36 35 93.000000 738.000000
36 37 87.000000 708.000000
36 56 91.000000 677.000000
37 17 83.000000 564.000000
37 36 85.000000 547.000000
37 38 96.000000 645.000000
37 57 97.000000 688.000000
38 18 96.000000 619.000000
38 37 82.000000 787.000000
38 39 82.000000 675.000000
38 58 84.000000 753.000000
39 19 94.000000 503.000000
39 38 86.000000 487.000000
39 40 100.000000 457.000000
39 59 93.000000 762.000000
40 20 93.000000 530.000000
40 39 96.000000 818.000000
40 60 87.000000 783.000000
41 21 94.000000 741.000000
41 42 87.000000 742.000000
41 61 83.000000 748.000000
42 22 83.000000 545.000000
42 41 96.000000 425.000000
42 43 96.000000 496.000000
42 62 89.000000 655.000000
43 23 83.000000 785.000000
43 42 91.000000 605.000000
43 44 92.000000 741.000000
43 63 92.000000 448.000000
44 24 85.000000 625.000000
44 43 94.000000 638.000000
44 45 94.000000 471.000000
44 64 95.000000 475.000000
45 25 84.000000 810.000000
45 44 83.000000 743.000000
45 46 84.000000 603.000000
45 65 94.000000 557.000000
46 26 89.000000 438.000000
46 45 85.000000 694.000000
46 47 92.000000 756.000000
46 66 85.000000 645.000000
47 27 98.000000 642.000000
47 46 92.000000 716.000000
47 48 99.000000 576.000000
47 67 97.000000 813.000000
48 28 89.000000 787.000000
48 47 84.000000 614.000000
48 49 80.000000 686.000000
48 68 80.000000 513.000000
49 29 97.000000 533.000000
49 48 98.000000 521.000000
49 50 86.000000 514.000000
49 69 94.000000 785.000000
50 30 85.000000 541.000000
50 49 91.000000 505.000000
50 51 84.000000 462.000000
50 70 88.000000 548.000000
51 31 84.000000 776.000000
51 50 81.000000 424.000000
51 52 82.000000 484.000000
51 71 83.000000 684.000000
52 32 86.000000 773.000000
52 51 91.000000 458.000000
52 53 100.000000 532.000000
52 72 83.000000 623.000000
53 33 95.000000 426.000000
53 52 85.000000 528.000000
53 54 80.000000 526.000000
53 73 91.000000 735.000000
54 34 84.000000 462.000000
54 53 86.000000 599.000000
54 55 94.000000 526.000000
54 74 85.000000 463.000000
55 35 85.000000 770.000000
55 54 82.000000 507.000000
55 56 84.000000 756.000000
55 75 97.000000 683.000000
56 36 94.000000 533.000000
56 55 95.000000 493.000000
56 57 81.000000 540.000000
56 76 85.000000 626.000000
57 37 85.000000 745.000000
57 56 100.000000 680.000000
57 58 91.000000 629.000000
57 77 82.000000 660.000000
58 38 80.000000 655.000000
58 57 85.000000 693.000000
58 59 96.000000 763.000000
58 78 83.000000 448.000000
59 39 84.000000 713.000000
59 58 88.000000 436.000000
59 60 88.000000 542.000000
59 79 91.000000 601.000000
60 40 94.000000 784.000000
60 59 86.000000 443.000000
60 80 92.000000 666.000000
61 41 92.000000 529.000000
61 62 93.000000 576.000000
61 81 83.000000 811.000000
62 42 99.000000 598.000000
62 61 86.000000 606.000000
62 63 84.000000 662.000000
62 82 88.000000 730.000000
63 43 86.000000 532.000000
63 62 88.000000 571.000000
63 64 85.000000 649.000000
63 83 94.000000 818.000000
64 44 98.000000 506.000000
64 63 88.000000 654.000000
64 65 94.000000 460.000000
64 84 81.000000 684.000000
65 45 93.000000 539.000000
65 64 98.000000 571.000000
65 66 100.000000 483.000000
65 85 93.000000 719.000000
66 46 87.000000 646.000000
66 65 91.000000 468.000000
66 67 95.000000 572.000000
66 86 100.000000 532.000000
67 47 91.000000 594.000000
67 66 84.000000 556.000000
67 68 97.000000 430.000000
67 87 85.000000 652.000000
68 48 89.000000 672.000000
68 67 93.000000 727.000000
68 69 95.000000 564.000000
68 88 84.000000 696.000000
69 49 82.000000 515.000000
69 68 97.000000 475.000000
69 70 89.000000 765.000000
69 89 88.000000 614.000000
70 50 91.000000 472.000000
70 69 100.000000 433.000000
70 71 86.000000 466.000000
70 90 98.000000 647.000000
71 51 96.000000 561.000000
71 70 88.000000 637.000000
71 72 92.000000 759.000000
71 91 98.000000 578.000000
72 52 94.000000 676.000000
72 71 89.000000 425.000000
72 73 93.000000 818.000000
72 92 82.000000 708.000000
73 53 85.000000 720.000000
73 72 82.000000 699.000000
73 74 98.000000 498.000000
73 93 85.000000 775.000000
74 54 97.000000 712.000000
74 73 96.000000 639.000000
74 75 85.000000 668.000000
74 94 84.000000 802.000000
75 55 85.000000 739.000000
75 74 84.000000 806.000000
75 76 87.000000 649.000000
75 95 81.000000 521.000000
76 56 99.000000 816.000000
76 75 93.000000 726.000000
76 77 86.000000 711.000000
76 96 94.000000 556.000000
77 57 82.000000 508.000000
77 76 85.000000 482.000000
77 78 88.000000 589.000000
77 97 81.000000 793.000000
78 58 81.000000 789.000000
78 77 82.000000 816.000000
78 79 96.000000 793.000000
78 98 98.000000 750.000000
79 59 82.000000 789.000000
79 78 91.000000 465.000000
79 80 92.000000 466.000000
79 99 96.000000 552.000000
80 60 94.000000 703.000000
80 79 86.000000 429.000000
80 100 93.000000 549.000000
81 61 85.000000 524.000000
81 82 88.000000 705.000000
81 101 88.000000 699.000000
82 62 88.000000 426.000000
82 81 88.000000 425.000000
82 83 94.000000 761.000000
82 102 98.000000 743.000000
83 63 87.000000 802.000000
83 82 91.000000 722.000000
83 84 84.000000 768.000000
83 103 81.000000 473.000000
84 64 94.000000 581.000000
84 83 94.000000 528.000000
84 85 97.000000 706.000000
84 104 88.000000 603.000000
85 65 81.000000 507.000000
85 84 100.000000 601.000000
85 86 93.000000 663.000000
85 105 83.000000 707.000000
86 66 83.000000 529.000000
86 85 93.000000 443.000000
86 87 96.000000 776.000000
86 106 97.000000 692.000000
87 67 87.000000 448.000000
87 86 99.000000 676.000000
87 88 82.000000 582.000000
87 107 81.000000 798.000000
88 68 84.000000 423.000000
88 87 94.000000 546.000000
88 89 80.000000 611.000000
88 108 87.000000 639.000000
89 69 82.000000 479.000000
89 88 81.000000 527.000000
89 90 88.000000 505.000000
89 109 93.000000 799.000000
90 70 98.000000 795.000000
90 89 91.000000 682.000000
90 91 97.000000 515.000000
90 110 89.000000 685.000000
91 71 92.000000 725.000000
91 90 93.000000 748.000000
91 92 95.000000 637.000000
91 111 88.000000 567.000000
92 72 93.000000 723.000000
92 91 89.000000 594.000000
92 93 86.000000 661.000000
92 112 91.000000 698.000000
93 73 96.000000 724.000000
93 92 96.000000 646.000000
93 94 80.000000 583.000000
93 113 81.000000 647.000000
94 74 98.000000 754.000000
94 93 100.000000 495.000000
94 95 100.000000 649.000000
94 114 97.000000 537.000000
95 75 80.000000 523.000000
95 94 88.000000 499.000000
95 96 82.000000 489.000000
95 115 80.000000 515.000000
96 76 89.000000 571.000000
96 95 93.000000 600.000000
96 97 85.000000 613.000000
96 116 81.000000 564.000000
97 77 99.000000 522.000000
97 96 100.000000 753.000000
97 98 96.000000 519.000000
97 117 80.000000 562.000000
98 78 97.000000 616.000000
98 97 96.000000 797.000000
98 99 91.000000 683.000000
98 118 91.000000 710.000000
99 79 83.000000 472.000000
99 98 96.000000 571.000000
99 100 94.000000 692.000000
99 119 81.000000 636.000000
100 80 98.000000 459.000000
100 99 96.000000 481.000000
100 120 94.000000 786.000000
101 81 88.000000 489.000000
101 102 87.000000 819.000000
101 121 88.000000 544.000000
102 82 87.000000 661.000000
102 101 92.000000 734.000000
102 103 95.000000 721.000000
102 122 93.000000 520.000000
103 83 97.000000 810.000000
103 102 89.000000 762.000000
103 104 89.000000 798.000000
103 123 87.000000 731.000000
104 84 88.000000 650.000000
104 103 82.000000 634.000000
104 105 97.000000 539.000000
104 124 97.000000 593.000000
105 85 82.000000 709.000000
105 104 96.000000 450.000000
105 106 98.000000 481.000000
105 125 88.000000 470.000000
106 86 84.000000 731.000000
106 105 97.000000 490.000000
106 107 94.000000 590.000000
106 126 81.000000 659.000000
107 87 89.000000 560.000000
107 106 84.000000 599.000000
107 108 91.000000 768.000000
107 127 96.000000 724.000000
108 88 82.000000 465.000000
108 107 89.000000 768.000000
108 109 87.000000 463.000000
108 128 96.000000 585.000000
109 89 89.000000 574.000000
109 108 81.000000 593.000000
109 110 97.000000 539.000000
109 129 98.000000 584.000000
110 90 93.000000 476.000000
110 109 87.000000 738.000000
110 111 100.000000 774.000000
110 130 93.000000 725.000000
111 91 80.000000 650.000000
111 110 89.000000 519.000000
111 112 97.000000 542.000000
111 131 80.000000 722.000000
112 92 86.000000 790.000000
112 111 81.000000 709.000000
112 113 80.000000 442.000000
112 132 84.000000 643.000000
113 93 84.000000 685.000000
113 112 96.000000 483.000000
113 114 96.000000 444.000000
113 133 86.000000 590.000000
114 94 97.000000 716.000000
114 113 95.000000 422.000000
114 115 100.000000 706.000000
114 134 88.000000 793.000000
115 95 99.000000 432.000000
115 114 87.000000 471.000000
115 116 94.000000 624.000000
115 135 94.000000 574.000000
116 96 93.000000 677.000000
116 115 88.000000 785.000000
116 117 96.000000 693.000000
116 136 95.000000 744.000000
117 97 94.000000 507.000000
117 116 97.000000 761.000000
117 118 92.000000 716.000000
117 137 82.000000 694.000000
118 98 80.000000 795.000000
118 117 83.000000 567.000000
118 119 80.000000 546.000000
118 138 88.000000 754.000000
119 99 80.000000 547.000000
119 118 81.000000 495.000000
119 120 91.000000 510.000000
119 139 86.000000 657.000000
120 100 93.000000 625.000000
120 119 81.000000 433.000000
120 140 91.000000 486.000000
121 101 83.000000 703.000000
121 122 91.000000 517.000000
121 141 84.000000 785.000000
122 102 95.000000 790.000000
122 121 83.000000 456.000000
122 123 97.000000 433.000000
122 142 89.000000 735.000000
123 103 80.000000 638.000000
123 122 94.000000 763.000000
123 124 85.000000 770.000000
123 143 88.000000 781.000000
124 104 89.000000 539.000000
124 123 88.000000 726.000000
124 125 98.000000 434.000000
124 144 96.000000 649.000000
125 105 80.000000 798.000000
125 124 95.000000 628.000000
125 126 80.000000 454.000000
125 145 80.000000 686.000000
126 106 83.000000 472.000000
126 125 89.000000 439.000000
126 127 97.000000 772.000000
126 146 92.000000 667.000000
127 107 80.000000 554.000000
127 126 98.000000 490.000000
127 128 85.000000 666.000000
127 147 89.000000 515.000000
128 108 95.000000 543.000000
128 127 81.000000 761.000000
128 129 99.000000 654.000000
128 148 85.000000 436.000000
129 109 93.000000 560.000000
129 128 98.000000 565.000000
129 130 94.000000 767.000000
129 149 91.000000 614.000000
130 110 96.000000 583.000000
130 129 86.000000 654.000000
130 131 95.000000 631.000000
130 150 96.000000 743.000000
131 111 95.000000 550.000000
131 130 88.000000 770.000000
131 132 86.000000 633.000000
131 151 89.000000 725.000000
132 112 93.000000 498.000000
132 131 97.000000 623.000000
132 133 95.000000 432.000000
132 152 81.000000 457.000000
133 113 89.000000 511.000000
133 132 98.000000 549.000000
133 134 86.000000 469.000000
133 153 85.000000 794.000000
134 114 95.000000 815.000000
134 133 83.000000 620.000000
134 135 80.000000 750.000000
134 154 94.000000 421.000000
135 115 85.000000 607.000000
135 134 82.000000 452.000000
135 136 82.000000 560.000000
135 155 88.000000 741.000000
136 116 91.000000 773.000000
136 135 96.000000 497.000000
136 137 94.000000 567.000000
136 156 85.000000 685.000000
137 117 83.000000 644.000000
137 136 95.000000 657.000000
137 138 87.000000 584.000000
137 157 83.000000 769.000000
138 118 82.000000 775.000000
138 137 95.000000 605.000000
138 139 91.000000 445.000000
138 158 80.000000 697.000000
139 119 82.000000 692.000000
139 138 87.000000 451.000000
139 140 99.000000 468.000000
139 159 89.000000 633.000000
140 120 91.000000 777.000000
140 139 81.000000 547.000000
140 160 96.000000 554.000000
141 121 84.000000 447.000000
141 142 91.000000 456.000000
141 161 87.000000 654.000000
142 122 97.000000 797.000000
142 141 99.000000 653.000000
142 143 87.000000 640.000000
142 162 92.000000 479.000000
143 123 96.000000 657.000000
143 142 95.000000 549.000000
143 144 82.000000 598.000000
143 163 84.000000 597.000000
144 124 88.000000 769.000000
144 143 97.000000 473.000000
144 145 91.000000 817.000000
144 164 95.000000 563.000000
145 125 93.000000 440.000000
145 144 100.000000 484.000000
145 146 98.000000 803.000000
145 165 91.000000 446.000000
146 126 94.000000 505.000000
146 145 87.000000 782.000000
146 147 92.000000 604.000000
146 166 89.000000 567.000000
147 127 89.000000 599.000000
147 146 84.000000 588.000000
147 148 81.000000 602.000000
147 167 87.000000 483.000000
148 128 88.000000 508.000000
148 147 95.000000 775.000000
148 149 97.000000 737.000000
148 168 87.000000 815.000000
149 129 98.000000 669.000000
149 148 95.000000 592.000000
149 150 82.000000 543.000000
149 169 99.000000 528.000000
150 130 83.000000 668.000000
150 149 100.000000 565.000000
150 151 85.000000 731.000000
150 170 94.000000 493.000000
151 131 95.000000 810.000000
151 150 91.000000 709.000000
151 152 95.000000 509.000000
151 171 99.000000 719.000000
152 132 97.000000 421.000000
152 151 86.000000 550.000000
152 153 96.000000 580.000000
152 172 92.000000 497.000000
153 133 91.000000 737.000000
153 152 83.000000 476.000000
153 154 93.000000 791.000000
153 173 98.000000 436.000000
154 134 83.000000 456.000000
154 153 96.000000 527.000000
154 155 82.000000 800.000000
154 174 83.000000 436.000000
155 135 80.000000 603.000000
155 154 96.000000 541.000000
155 156 88.000000 706.000000
155 175 87.000000 580.000000
156 136 81.000000 776.000000
156 155 94.000000 556.000000
156 157 87.000000 426.000000
156 176 95.000000 583.000000
157 137 97.000000 635.000000
157 156 88.000000 601.000000
157 158 88.000000 768.000000
157 177 87.000000 795.000000
158 138 91.000000 701.000000
158 157 97.000000 770.000000
158 159 97.000000 559.000000
158 178 95.000000 776.000000
159 139 81.000000 715.000000
159 158 83.000000 696.000000
159 160 83.000000 809.000000
159 179 83.000000 452.000000
160 140 98.000000 431.000000
160 159 89.000000 546.000000
160 180 97.000000 654.000000
161 141 95.000000 672.000000
161 162 98.000000 708.000000
161 181 81.000000 641.000000
162 142 97.000000 449.000000
162 161 98.000000 569.000000
162 163 87.000000 548.000000
162 182 83.000000 613.000000
163 143 84.000000 775.000000
163 162 100.000000 546.000000
163 164 85.000000 756.000000
163 183 94.000000 820.000000
164 144 95.000000 716.000000
164 163 96.000000 691.000000
164 165 96.000000 680.000000
164 184 92.000000 520.000000
165 145 98.000000 582.000000
165 164 85.000000 643.000000
165 166 86.000000 698.000000
165 185 99.000000 726.000000
166 146 99.000000 817.000000
166 165 81.000000 714.000000
166 167 80.000000 503.000000
166 186 80.000000 648.000000
167 147 93.000000 682.000000
167 166 99.000000 681.000000
167 168 93.000000 662.000000
167 187 100.000000 443.000000
168 148 91.000000 455.000000
168 167 88.000000 465.000000
168 169 98.000000 703.000000
168 188 97.000000 774.000000
169 149 94.000000 721.000000
169 168 98.000000 701.000000
169 170 85.000000 794.000000
169 189 83.000000 696.000000
170 150 83.000000 506.000000
170 169 80.000000 624.000000
170 171 98.000000 682.000000
170 190 95.000000 787.000000
171 151 95.000000 632.000000
171 170 86.000000 469.000000
171 172 82.000000 542.000000
171 191 93.000000 628.000000
172 152 89.000000 434.000000
172 171 92.000000 606.000000
172 173 95.000000 617.000000
172 192 86.000000 749.000000
173 153 87.000000 627.000000
173 172 82.000000 627.000000
173 174 100.000000 688.000000
173 193 87.000000 550.000000
174 154 89.000000 461.000000
174 173 100.000000 583.000000
174 175 96.000000 665.000000
174 194 89.000000 713.000000
175 155 84.000000 745.000000
175 174 96.000000 798.000000
175 176 88.000000 531.000000
175 195 97.000000 422.000000
176 156 83.000000 491.000000
176 175 93.000000 464.000000
176 177 81.000000 526.000000
176 196 89.000000 684.000000
177 157 83.000000 747.000000
177 176 85.000000 632.000000
177 178 94.000000 620.000000
177 197 95.000000 495.000000
178 158 98.000000 578.000000
178 177 89.000000 617.000000
178 179 96.000000 544.000000
178 198 92.000000 733.000000
179 159 87.000000 760.000000
179 178 87.000000 612.000000
179 180 80.000000 636.000000
179 199 88.000000 504.000000
180 160 81.000000 547.000000
180 179 99.000000 750.000000
180 200 95.000000 770.000000
181 161 96.000000 462.000000
181 182 81.000000 673.000000
181 201 91.000000 603.000000
182 162 89.000000 427.000000
182 181 82.000000 598.000000
182 183 92.000000 762.000000
182 202 81.000000 538.000000
183 163 95.000000 770.000000
183 182 100.000000 620.000000
183 184 91.000000 683.000000
183 203 96.000000 554.000000
184 164 85.000000 589.000000
184 183 82.000000 438.000000
184 185 81.000000 450.000000
184 204 97.000000 794.000000
185 165 81.000000 578.000000
185 184 85.000000 463.000000
185 186 83.000000 589.000000
185 205 85.000000 553.000000
186 166 92.000000 599.000000
186 185 85.000000 432.000000
186 187 83.000000 769.000000
186 206 97.000000 801.000000
187 167 97.000000 809.000000
187 186 91.000000 472.000000
187 188 81.000000 637.000000
187 207 84.000000 622.000000
188 168 84.000000 497.000000
188 187 86.000000 723.000000
188 189 91.000000 630.000000
188 208 95.000000 587.000000
189 169 92.000000 713.000000
189 188 88.000000 815.000000
189 190 85.000000 720.000000
189 209 95.000000 675.000000
190 170 92.000000 522.000000
190 189 91.000000 731.000000
190 191 87.000000 465.000000
190 210 84.000000 551.000000
191 171 88.000000 586.000000
191 190 91.000000 758.000000
191 192 80.000000 716.000000
191 211 97.000000 615.000000
192 172 87.000000 691.000000
192 191 100.000000 439.000000
192 193 80.000000 749.000000
192 212 92.000000 438.000000
193 173 92.000000 525.000000
193 192 80.000000 638.000000
193 194 87.000000 787.000000
193 213 87.000000 588.000000
194 174 95.000000 734.000000
194 193 87.000000 636.000000
194 195 96.000000 469.000000
194 214 94.000000 470.000000
195 175 80.000000 739.000000
195 194 95.000000 766.000000
195 196 92.000000 428.000000
195 215 85.000000 584.000000
196 176 87.000000 775.000000
196 195 99.000000 501.000000
196 197 95.000000 747.000000
196 216 86.000000 618.000000
197 177 91.000000 603.000000
197 196 91.000000 501.000000
197 198 80.000000 654.000000
197 217 87.000000 588.000000
198 178 92.000000 768.000000
198 197 80.000000 547.000000
198 199 99.000000 807.000000
198 218 81.000000 432.000000
199 179 80.000000 468.000000
199 198 83.000000 656.000000
199 200 82.000000 552.000000
199 219 95.000000 482.000000
200 180 98.000000 678.000000
200 199 84.000000 507.000000
200 220 92.000000 696.000000
201 181 89.000000 615.000000
201 202 91.000000 620.000000
201 221 81.000000 469.000000
202 182 94.000000 574.000000
202 201 88.000000 499.000000
202 203 94.000000 612.000000
202 222 86.000000 573.000000
203 183 92.000000 758.000000
203 202 93.000000 751.000000
203 204 100.000000 584.000000
203 223 97.000000 710.000000
204 184 80.000000 583.000000
204 203 84.000000 617.000000
204 205 100.000000 504.000000
204 224 93.000000 788.000000
205 185 92.000000 648.000000
205 204 91.000000 781.000000
205 206 89.000000 787.000000
205 225 80.000000 552.000000
206 186 85.000000 648.000000
206 205 85.000000 521.000000
206 207 91.000000 548.000000
206 226 94.000000 582.000000
207 187 82.000000 709.000000
207 206 97.000000 630.000000
207 208 95.000000 560.000000
207 227 94.000000 580.000000
208 188 83.000000 586.000000
208 207 95.000000 496.000000
208 209 83.000000 780.000000
208 228 84.000000 462.000000
209 189 85.000000 485.000000
209 208 98.000000 782.000000
209 210 94.000000 502.000000
209 229 84.000000 758.000000
210 190 100.000000 666.000000
210 209 93.000000 484.000000
210 211 99.000000 610.000000
210 230 84.000000 650.000000
211 191 83.000000 801.000000
211 210 83.000000 611.000000
211 212 80.000000 782.000000
211 231 87.000000 540.000000
212 192 80.000000 643.000000
212 211 98.000000 481.000000
212 213 82.000000 708.000000
212 232 82.000000 675.000000
213 193 100.000000 571.000000
213 212 83.000000 451.000000
213 214 92.000000 600.000000
213 233 100.000000 738.000000
214 194 84.000000 764.000000
214 213 80.000000 693.000000
214 215 93.000000 431.000000
214 234 88.000000 711.000000
215 195 95.000000 781.000000
215 214 93.000000 628.000000
215 216 96.000000 794.000000
215 235 96.000000 733.000000
216 196 80.000000 704.000000
216 215 91.000000 635.000000
216 217 95.000000 814.000000
216 236 93.000000 662.000000
217 197 94.000000 799.000000
217 216 87.000000 634.000000
217 218 100.000000 800.000000
217 237 95.000000 642.000000
218 198 99.000000 468.000000
218 217 82.000000 781.000000
218 219 96.000000 693.000000
218 238 94.000000 608.000000
219 199 82.000000 651.000000
219 218 94.000000 454.000000
219 220 81.000000 756.000000
219 239 80.000000 426.000000
220 200 100.000000 435.000000
220 219 93.000000 772.000000
220 240 89.000000 797.000000
221 201 92.000000 588.000000
221 222 99.000000 442.000000
221 241 94.000000 443.000000
222 202 97.000000 762.000000
222 221 99.000000 764.000000
222 223 86.000000 551.000000
222 242 86.000000 559.000000
223 203 86.000000 576.000000
223 222 95.000000 543.000000
223 224 99.000000 521.000000
223 243 94.000000 552.000000
224 204 86.000000 487.000000
224 223 91.000000 456.000000
224 225 98.000000 674.000000
224 244 87.000000 512.000000
225 205 87.000000 583.000000
225 224 82.000000 803.000000
225 226 83.000000 805.000000
225 245 98.000000 504.000000
226 206 89.000000 729.000000
226 225 89.000000 795.000000
226 227 80.000000 474.000000
226 246 94.000000 465.000000
227 207 91.000000 810.000000
227 226 81.000000 726.000000
227 228 95.000000 451.000000
227 247 95.000000 522.000000
228 208 93.000000 520.000000
228 227 94.000000 479.000000
228 229 83.000000 474.000000
228 248 97.000000 524.000000
229 209 86.000000 570.000000
229 228 98.000000 690.000000
229 230 84.000000 673.000000
229 249 80.000000 607.000000
230 210 89.000000 584.000000
230 229 99.000000 674.000000
230 231 97.000000 645.000000
230 250 94.000000 813.000000
231 211 99.000000 726.000000
231 230 87.000000 627.000000
231 232 87.000000 713.000000
231 251 80.000000 759.000000
232 212 91.000000 746.000000
232 231 85.000000 626.000000
232 233 94.000000 556.000000
232 252 86.000000 581.000000
233 213 92.000000 681.000000
233 232 81.000000 717.000000
233 234 98.000000 561.000000
233 253 80.000000 559.000000
234 214 82.000000 492.000000
234 233 93.000000 632.000000
234 235 91.000000 663.000000
234 254 91.000000 647.000000
235 215 89.000000 502.000000
235 234 82.000000 623.000000
235 236 95.000000 429.000000
235 255 94.000000 494.000000
236 216 98.000000 672.000000
236 235 87.000000 746.000000
236 237 83.000000 760.000000
236 256 100.000000 807.000000
237 217 95.000000 612.000000
237 236 84.000000 484.000000
237 238 88.000000 565.000000
237 257 86.000000 631.000000
238 218 91.000000 761.000000
238 237 87.000000 449.000000
238 239 91.000000 771.000000
238 258 92.000000 585.000000
239 219 81.000000 615.000000
239 238 91.000000 451.000000
239 240 84.000000 630.000000
239 259 87.000000 649.000000
240 220 94.000000 464.000000
240 239 98.000000 460.000000
240 260 81.000000 695.000000
241 221 81.000000 531.000000
241 242 84.000000 485.000000
241 261 83.000000 776.000000
242 222 86.000000 612.000000
242 241 84.000000 809.000000
242 243 80.000000 480.000000
242 262 85.000000 701.000000
243 223 82.000000 503.000000
243 242 89.000000 475.000000
243 244 81.000000 494.000000
243 263 86.000000 454.000000
244 224 82.000000 500.000000
244 243 82.000000 686.000000
244 245 95.000000 801.000000
244 264 95.000000 811.000000
245 225 97.000000 785.000000
245 244 87.000000 731.000000
245 246 87.000000 696.000000
245 265 91.000000 809.000000
246 226 89.000000 707.000000
246 245 91.000000 442.000000
246 247 96.000000 577.000000
246 266 91.000000 809.000000
247 227 96.000000 539.000000
247 246 87.000000 643.000000
247 248 96.000000 763.000000
247 267 81.000000 436.000000
248 228 100.000000 432.000000
248 247 87.000000 656.000000
248 249 83.000000 722.000000
248 268 83.000000 711.000000
249 229 95.000000 524.000000
249 248 83.000000 490.000000
249 250 88.000000 564.000000
249 269 88.000000 686.000000
250 230 98.000000 788.000000
250 249 92.000000 697.000000
250 251 93.000000 469.000000
250 270 82.000000 691.000000
251 231 89.000000 550.000000
251 250 91.000000 738.000000
251 252 85.000000 700.000000
251 271 95.000000 509.000000
252 232 100.000000 669.000000
252 251 100.000000 452.000000
252 253 91.000000 680.000000
252 272 92.000000 595.000000
253 233 93.000000 724.000000
253 252 85.000000 641.000000
253 254 92.000000 583.000000
253 273 84.000000 641.000000
254 234 94.000000 572.000000
254 253 85.000000 603.000000
254 255 82.000000 705.000000
254 274 100.000000 810.000000
255 235 98.000000 649.000000
255 254 85.000000 592.000000
255 256 87.000000 477.000000
255 275 86.000000 744.000000
256 236 93.000000 765.000000
256 255 83.000000 654.000000
256 257 86.000000 788.000000
256 276 95.000000 469.000000
257 237 88.000000 565.000000
257 256 93.000000 623.000000
257 258 84.000000 672.000000
257 277 82.000000 693.000000
258 238 81.000000 609.000000
258 257 80.000000 705.000000
258 259 83.000000 425.000000
258 278 100.000000 626.000000
259 239 84.000000 445.000000
259 258 92.000000 660.000000
259 260 97.000000 621.000000
259 279 83.000000 820.000000
260 240 81.000000 627.000000
260 259 91.000000 583.000000
260 280 88.000000 672.000000
261 241 87.000000 759.000000
261 262 91.000000 643.000000
261 281 93.000000 522.000000
262 242 94.000000 422.000000
262 261 83.000000 695.000000
262 263 83.000000 526.000000
262 282 100.000000 714.000000
263 243 80.000000 803.000000
263 262 93.000000 645.000000
263 264 86.000000 487.000000
263 283 100.000000 476.000000
264 244 97.000000 652.000000
264 263 100.000000 474.000000
264 265 97.000000 766.000000
264 284 89.000000 752.000000
265 245 88.000000 519.000000
265 264 88.000000 763.000000
265 266 91.000000 425.000000
265 285 92.000000 732.000000
266 246 100.000000 550.000000
266 265 85.000000 781.000000
266 267 97.000000 482.000000
266 286 94.000000 754.000000
267 247 85.000000 502.000000
267 266 88.000000 469.000000
267 268 80.000000 520.000000
267 287 97.000000 701.000000
268 248 81.000000 546.000000
268 267 100.000000 753.000000
268 269 92.000000 551.000000
268 288 86.000000 509.000000
269 249 89.000000 527.000000
269 268 89.000000 700.000000
269 270 96.000000 494.000000
269 289 92.000000 795.000000
270 250 82.000000 747.000000
270 269 82.000000 622.000000
270 271 98.000000 617.000000
270 290 83.000000 614.000000
271 251 81.000000 719.000000
271 270 85.000000 446.000000
271 272 91.000000 528.000000
271 291 93.000000 775.000000
272 252 84.000000 571.000000
272 271 93.000000 461.000000
272 273 80.000000 456.000000
272 292 100.000000 498.000000
273 253 81.000000 757.000000
273 272 80.000000 559.000000
273 274 93.000000 801.000000
273 293 86.000000 657.000000
274 254 83.000000 728.000000
274 273 81.000000 670.000000
274 275 89.000000 501.000000
274 294 86.000000 600.000000
275 255 91.000000 639.000000
275 274 86.000000 520.000000
275 276 82.000000 591.000000
275 295 88.000000 562.000000
276 256 87.000000 751.000000
276 275 80.000000 613.000000
276 277 84.000000 709.000000
276 296 95.000000 697.000000
277 257 98.000000 582.000000
277 276 97.000000 551.000000
277 278 94.000000 516.000000
277 297 97.000000 717.000000
278 258 80.000000 482.000000
278 277 82.000000 611.000000
278 279 91.000000 584.000000
278 298 96.000000 779.000000
279 259 80.000000 485.000000
279 278 86.000000 681.000000
279 280 84.000000 731.000000
279 299 93.000000 807.000000
280 260 100.000000 704.000000
280 279 100.000000 480.000000
280 300 88.000000 745.000000
281 261 98.000000 477.000000
281 282 82.000000 535.000000
281 301 87.000000 759.000000
282 262 98.000000 676.000000
282 281 88.000000 676.000000
282 283 80.000000 523.000000
282 302 93.000000 617.000000
283 263 91.000000 448.000000
283 282 82.000000 637.000000
283 284 91.000000 565.000000
283 303 81.000000 617.000000
284 264 81.000000 764.000000
284 283 99.000000 780.000000
284 285 100.000000 700.000000
284 304 89.000000 443.000000
285 265 83.000000 654.000000
285 284 86.000000 649.000000
285 286 91.000000 561.000000
285 305 96.000000 785.000000
286 266 81.000000 436.000000
286 285 81.000000 786.000000
286 287 93.000000 538.000000
286 306 92.000000 590.000000
287 267 83.000000 653.000000
287 286 86.000000 723.000000
287 288 98.000000 724.000000
287 307 98.000000 558.000000
288 268 93.000000 547.000000
288 287 89.000000 728.000000
288 289 92.000000 708.000000
288 308 91.000000 440.000000
289 269 80.000000 631.000000
289 288 85.000000 713.000000
289 290 100.000000 669.000000
289 309 87.000000 605.000000
290 270 94.000000 520.000000
290 289 87.000000 704.000000
290 291 98.000000 439.000000
290 310 85.000000 617.000000
291 271 94.000000 592.000000
291 290 94.000000 699.000000
291 292 85.000000 594.000000
291 311 80.000000 535.000000
292 272 97.000000 632.000000
292 291 100.000000 728.000000
292 293 87.000000 645.000000
292 312 100.000000 421.000000
293 273 87.000000 427.000000
293 292 94.000000 509.000000
293 294 93.000000 777.000000
293 313 92.000000 612.000000
294 274 83.000000 668.000000
294 293 91.000000 736.000000
294 295 80.000000 612.000000
294 314 87.000000 621.000000
295 275 83.000000 736.000000
295 294 99.000000 595.000000
295 296 91.000000 644.000000
295 315 94.000000 820.000000
296 276 100.000000 512.000000
296 295 94.000000 731.000000
296 297 96.000000 628.000000
296 316 89.000000 792.000000
297 277 96.000000 798.000000
297 296 88.000000 666.000000
297 298 88.000000 567.000000
297 317 98.000000 474.000000
298 278 93.000000 691.000000
298 297 97.000000 692.000000
298 299 98.000000 568.000000
298 318 100.000000 805.000000
299 279 91.000000 489.000000
299 298 98.000000 455.000000
299 300 87.000000 429.000000
299 319 100.000000 786.000000
300 280 82.000000 475.000000
300 299 86.000000 619.000000
300 320 98.000000 424.000000
301 281 92.000000 467.000000
301 302 84.000000 556.000000
301 321 88.000000 654.000000
302 282 96.000000 530.000000
302 301 80.000000 778.000000
302 303 100.000000 716.000000
302 322 80.000000 736.000000
303 283 86.000000 791.000000
303 302 84.000000 508.000000
303 304 91.000000 434.000000
303 323 96.000000 785.000000
304 284 84.000000 442.000000
304 303 88.000000 548.000000
304 305 91.000000 650.000000
304 324 80.000000 647.000000
305 285 89.000000 497.000000
305 304 94.000000 520.000000
305 306 94.000000 819.000000
305 325 98.000000 432.000000
306 286 80.000000 621.000000
306 305 89.000000 683.000000
306 307 88.000000 637.000000
306 326 82.000000 632.000000
307 287 94.000000 589.000000
307 306 96.000000 650.000000
307 308 97.000000 585.000000
307 327 95.000000 611.000000
308 288 99.000000 762.000000
308 307 85.000000 621.000000
308 309 97.000000 460.000000
308 328 80.000000 701.000000
309 289 86.000000 663.000000
309 308 83.000000 634.000000
309 310 96.000000 458.000000
309 329 81.000000 501.000000
310 290 99.000000 507.000000
310 309 83.000000 768.000000
310 311 94.000000 768.000000
310 330 84.000000 597.000000
311 291 95.000000 747.000000
311 310 94.000000 588.000000
311 312 89.000000 635.000000
311 331 98.000000 719.000000
312 292 81.000000 503.000000
312 311 87.000000 762.000000
312 313 92.000000 471.000000
312 332 88.000000 743.000000
313 293 85.000000 735.000000
313 312 97.000000 749.000000
313 314 85.000000 753.000000
313 333 98.000000 748.000000
314 294 84.000000 613.000000
314 313 80.000000 684.000000
314 315 89.000000 489.000000
314 334 92.000000 550.000000
315 295 83.000000 570.000000
315 314 89.000000 560.000000
315 316 93.000000 610.000000
315 335 84.000000 513.000000
316 296 97.000000 469.000000
316 315 89.000000 426.000000
316 317 100.000000 643.000000
316 336 87.000000 462.000000
317 297 100.000000 776.000000
317 316 92.000000 714.000000
317 318 85.000000 437.000000
317 337 84.000000 504.000000
318 298 98.000000 781.000000
318 317 100.000000 803.000000
318 319 88.000000 501.000000
318 338 87.000000 563.000000
319 299 91.000000 541.000000
319 318 82.000000 539.000000
319 320 84.000000 715.000000
319 339 84.000000 459.000000
320 300 80.000000 598.000000
320 319 97.000000 816.000000
320 340 97.000000 576.000000
321 301 95.000000 525.000000
321 322 99.000000 549.000000
321 341 84.000000 739.000000
322 302 95.000000 748.000000
322 321 99.000000 587.000000
322 323 100.000000 512.000000
322 342 94.000000 669.000000
323 303 82.000000 669.000000
323 322 91.000000 511.000000
323 324 86.000000 565.000000
323 343 97.000000 681.000000
324 304 87.000000 785.000000
324 323 86.000000 542.000000
324 325 83.000000 616.000000
324 344 94.000000 529.000000
325 305 100.000000 566.000000
325 324 100.000000 626.000000
325 326 80.000000 565.000000
325 345 98.000000 638.000000
326 306 80.000000 483.000000
326 325 93.000000 555.000000
326 327 84.000000 817.000000
326 346 82.000000 644.000000
327 307 96.000000 680.000000
327 326 99.000000 520.000000
327 328 95.000000 621.000000
327 347 92.000000 575.000000
328 308 84.000000 536.000000
328 327 92.000000 707.000000
328 329 83.000000 686.000000
328 348 97.000000 806.000000
329 309 91.000000 650.000000
329 328 99.000000 737.000000
329 330 98.000000 734.000000
329 349 81.000000 688.000000
330 310 93.000000 640.000000
330 329 94.000000 758.000000
330 331 81.000000 472.000000
330 350 80.000000 765.000000
331 311 100.000000 686.000000
331 330 97.000000 618.000000
331 332 92.000000 615.000000
331 351 100.000000 495.000000
332 312 98.000000 615.000000
332 331 82.000000 518.000000
332 333 84.000000 456.000000
332 352 92.000000 790.000000
333 313 93.000000 460.000000
333 332 93.000000 755.000000
333 334 82.000000 618.000000
333 353 94.000000 473.000000
334 314 87.000000 675.000000
334 333 82.000000 783.000000
334 335 92.000000 663.000000
334 354 81.000000 787.000000
335 315 89.000000 757.000000
335 334 93.000000 788.000000
335 336 100.000000 624.000000
335 355 84.000000 648.000000
336 316 80.000000 448.000000
336 335 85.000000 801.000000
336 337 82.000000 513.000000
336 356 97.000000 763.000000
337 317 98.000000 668.000000
337 336 84.000000 558.000000
337 338 84.000000 474.000000
337 357 86.000000 534.000000
338 318 93.000000 749.000000
338 337 95.000000 709.000000
338 339 95.000000 437.000000
338 358 99.000000 638.000000
339 319 97.000000 734.000000
339 338 99.000000 611.000000
339 340 88.000000 750.000000
339 359 96.000000 423.000000
340 320 89.000000 495.000000
340 339 95.000000 499.000000
340 360 81.000000 629.000000
341 321 94.000000 609.000000
341 342 92.000000 442.000000
341 361 84.000000 448.000000
342 322 91.000000 711.000000
342 341 95.000000 423.000000
342 343 92.000000 779.000000
342 362 82.000000 753.000000
343 323 96.000000 556.000000
343 342 95.000000 467.000000
343 344 81.000000 472.000000
343 363 99.000000 525.000000
344 324 87.000000 571.000000
344 343 97.000000 446.000000
344 345 100.000000 491.000000
344 364 91.000000 717.000000
345 325 86.000000 814.000000
345 344 80.000000 656.000000
345 346 91.000000 490.000000
345 365 87.000000 807.000000
346 326 93.000000 537.000000
346 345 92.000000 749.000000
346 347 85.000000 686.000000
346 366 94.000000 525.000000
347 327 91.000000 540.000000
347 346 80.000000 692.000000
347 348 96.000000 497.000000
347 367 83.000000 667.000000
348 328 83.000000 588.000000
348 347 86.000000 623.000000
348 349 93.000000 506.000000
348 368 93.000000 778.000000
349 329 96.000000 764.000000
349 348 81.000000 526.000000
349 350 91.000000 517.000000
349 369 96.000000 542.000000
350 330 98.000000 609.000000
350 349 81.000000 431.000000
350 351 83.000000 649.000000
350 370 97.000000 672.000000
351 331 80.000000 522.000000
351 350 95.000000 455.000000
351 352 92.000000 651.000000
351 371 96.000000 528.000000
352 332 92.000000 475.000000
352 351 99.000000 596.000000
352 353 91.000000 789.000000
352 372 84.000000 669.000000
353 333 97.000000 510.000000
353 352 91.000000 790.000000
353 354 84.000000 667.000000
353 373 99.000000 739.000000
354 334 97.000000 482.000000
354 353 91.000000 745.000000
354 355 92.000000 549.000000
354 374 82.000000 530.000000
355 335 86.000000 697.000000
355 354 96.000000 467.000000
355 356 87.000000 746.000000
355 375 86.000000 601.000000
356 336 99.000000 531.000000
356 355 81.000000 590.000000
356 357 85.000000 819.000000
356 376 96.000000 689.000000
357 337 97.000000 674.000000
357 356 97.000000 614.000000
357 358 87.000000 578.000000
357 377 95.000000 711.000000
358 338 100.000000 462.000000
358 357 93.000000 576.000000
358 359 96.000000 626.000000
358 378 82.000000 578.000000
359 339 98.000000 772.000000
359 358 91.000000 661.000000
359 360 92.000000 809.000000
359 379 86.000000 431.000000
360 340 83.000000 732.000000
360 359 100.000000 663.000000
360 380 94.000000 755.000000
361 341 85.000000 706.000000
361 362 93.000000 711.000000
361 381 97.000000 610.000000
362 342 86.000000 433.000000
362 361 83.000000 448.000000
362 363 88.000000 653.000000
362 382 95.000000 469.000000
363 343 87.000000 522.000000
363 362 96.000000 484.000000
363 364 80.000000 615.000000
363 383 81.000000 642.000000
364 344 96.000000 539.000000
364 363 100.000000 666.000000
364 365 97.000000 573.000000
364 384 93.000000 757.000000
365 345 98.000000 489.000000
365 364 82.000000 601.000000
365 366 98.000000 764.000000
365 385 89.000000 486.000000
366 346 92.000000 806.000000
366 365 82.000000 667.000000
366 367 89.000000 809.000000
366 386 81.000000 676.000000
367 347 83.000000 738.000000
367 366 86.000000 753.000000
367 368 82.000000 506.000000
367 387 82.000000 533.000000
368 348 88.000000 749.000000
368 367 97.000000 705.000000
368 369 92.000000 528.000000
368 388 86.000000 748.000000
369 349 84.000000 691.000000
369 368 99.000000 718.000000
369 370 96.000000 712.000000
369 389 94.000000 697.000000
370 350 98.000000 514.000000
370 369 93.000000 463.000000
370 371 92.000000 583.000000
370 390 94.000000 809.000000
371 351 92.000000 478.000000
371 370 86.000000 783.000000
371 372 88.000000 587.000000
371 391 92.000000 631.000000
372 352 89.000000 422.000000
372 371 85.000000 751.000000
372 373 81.000000 693.000000
372 392 95.000000 495.000000
373 353 87.000000 661.000000
373 372 100.000000 720.000000
373 374 92.000000 423.000000
373 393 87.000000 493.000000
374 354 80.000000 467.000000
374 373 92.000000 559.000000
374 375 96.000000 577.000000
374 394 85.000000 686.000000
375 355 99.000000 702.000000
375 374 86.000000 512.000000
375 376 96.000000 711.000000
375 395 99.000000 654.000000
376 356 89.000000 559.000000
376 375 93.000000 659.000000
376 377 91.000000 637.000000
376 396 87.000000 691.000000
377 357 96.000000 583.000000
377 376 91.000000 431.000000
377 378 100.000000 799.000000
377 397 100.000000 770.000000
378 358 92.000000 720.000000
378 377 98.000000 554.000000
378 379 87.000000 592.000000
378 398 85.000000 787.000000
379 359 95.000000 776.000000
379 378 95.000000 464.000000
379 380 81.000000 694.000000
379 399 100.000000 589.000000
380 360 95.000000 429.000000
380 379 88.000000 785.000000
380 400 84.000000 457.000000
381 361 84.000000 511.000000
381 382 100.000000 567.000000
382 362 87.000000 691.000000
382 381 80.000000 429.000000
382 383 95.000000 521.000000
383 363 99.000000 718.000000
383 382 89.000000 575.000000
383 384 93.000000 679.000000
384 364 85.000000 698.000000
384 383 81.000000 721.000000
384 385 83.000000 608.000000
385 365 96.000000 563.000000
385 384 97.000000 747.000000
385 386 88.000000 617.000000
386 366 86.000000 438.000000
386 385 91.000000 620.000000
386 387 92.000000 467.000000
387 367 89.000000 507.000000
387 386 99.000000 607.000000
387 388 87.000000 641.000000
388 368 94.000000 485.000000
388 387 83.000000 750.000000
388 389 95.000000 526.000000
389 369 84.000000 587.000000
389 388 97.000000 765.000000
389 390 96.000000 664.000000
390 370 94.000000 800.000000
390 389 81.000000 806.000000
390 391 82.000000 607.000000
391 371 87.000000 479.000000
391 390 92.000000 731.000000
391 392 91.000000 620.000000
392 372 82.000000 451.000000
392 391 81.000000 726.000000
392 393 85.000000 798.000000
393 373 82.000000 548.000000
393 392 93.000000 797.000000
393 394 93.000000 600.000000
394 374 97.000000 538.000000
394 393 88.000000 817.000000
394 395 83.000000 541.000000
395 375 94.000000 687.000000
395 394 100.000000 435.000000
395 396 98.000000 623.000000
396 376 91.000000 470.000000
396 395 84.000000 788.000000
396 397 86.000000 627.000000
397 377 89.000000 424.000000
397 396 86.000000 591.000000
397 398 80.000000 627.000000
398 378 91.000000 648.000000
398 397 100.000000 500.000000
398 399 96.000000 636.000000
399 379 84.000000 592.000000
399 398 89.000000 621.000000
399 400 100.000000 464.000000
400 380 100.000000 441.000000
400 399 88.000000 677.000000
364 122 28.000000
157 88 54.000000
291 60 16.000000
363 111 17.000000
172 371 83.000000
303 172 99.000000
78 370 64.000000
124 125 56.000000
338 61 50.000000
313 26 43.000000
262 45 45.000000
224 10 17.000000
290 227 95.000000
259 311 45.000000
164 103 89.000000
158 309 39.000000
400 397 54.000000
21 174 49.000000
202 88 24.000000
3 396 67.000000
226 153 78.000000
365 300 31.000000
96 243 68.000000
372 156 90.000000
172 194 36.000000
1 248 54.000000
335 361 97.000000
98 170 96.000000
300 329 82.000000
86 267 32.000000
31 154 73.000000
217 112 68.000000
92 352 15.000000
231 1 53.000000
48 221 87.000000
214 79 57.000000
389 367 77.000000
277 313 78.000000
152 77 89.000000
296 149 92.000000
110 123 92.000000
303 221 47.000000
256 286 86.000000
48 107 60.000000
171 329 55.000000
321 379 18.000000
110 391 85.000000
39 224 40.000000
11 299 62.000000
134 287 25.000000
316 73 94.000000
341 216 48.000000
334 101 64.000000
6 280 82.000000
209 21 23.000000
121 97 34.000000
295 364 55.000000
218 269 26.000000
290 376 43.000000
271 29 91.000000
322 312 94.000000
161 278 79.000000
348 393 85.000000
34 91 90.000000
2 383 38.000000
239 376 98.000000
162 4 40.000000
397 274 40.000000
238 1 11.000000
38 210 29.000000
311 141 32.000000
4 13 45.000000
288 53 68.000000
27 166 66.000000
399 61 16.000000
357 374 69.000000
98 244 46.000000
248 363 59.000000
202 169 35.000000
66 208 87.000000
151 92 50.000000
67 290 99.000000
265 176 33.000000
111 180 32.000000
28 117 72.000000
38 102 18.000000
238 259 15.000000
280 383 21.000000
311 392 52.000000
353 394 96.000000
288 294 87.000000
339 266 79.000000
297 127 66.000000
294 285 15.000000
345 105 47.000000
189 32 34.000000
119 400 95.000000
182 73 100.000000
127 382 93.000000
291 235 45.000000
164 291 99.000000
152 351 58.000000
248 116 58.000000
102 103 33.000000
284 400 51.000000
161 263 56.000000
46 143 92.000000
33 44 83.000000
202 91 11.000000
132 20 97.000000
218 78 76.000000
117 361 44.000000
146 332 47.000000
193 257 96.000000
281 326 61.000000
227 42 38.000000
97 359 14.000000
205 46 32.000000
135 161 74.000000
97 169 27.000000
366 214 92.000000
334 73 43.000000
331 238 33.000000
397 392 23.000000
9 231 62.000000
241 89 28.000000
264 115 40.000000
320 243 19.000000
193 319 100.000000
243 359 96.000000
92 328 45.000000
156 132 53.000000
234 127 17.000000
7 204 39.000000
10 391 97.000000
308 227 13.000000
202 125 61.000000
151 163 87.000000
278 286 46.000000
10 22 56.000000
222 288 27.000000
302 81 48.000000
19 4 21.000000
15 22 86.000000
380 29 82.000000
181 41 68.000000
203 289 15.000000
117 345 39.000000
136 55 33.000000
66 36 26.000000
29 364 54.000000
157 60 76.000000
370 200 91.000000
19 125 87.000000
106 193 31.000000
196 64 76.000000
169 303 37.000000
212 146 55.000000
72 237 39.000000
96 132 53.000000
258 190 29.000000
135 336 36.000000
26 280 98.000000
185 120 93.000000
8 226 38.000000
232 341 81.000000
225 271 33.000000
69 365 57.000000
310 92 77.000000
151 347 27.000000
29 355 99.000000
44 80 13.000000
47 66 98.000000
337 240 21.000000
114 262 51.000000
178 348 100.000000
63 45 15.000000
364 99 46.000000
184 389 52.000000
321 148 63.000000
352 198 75.000000
350 347 32.000000
161 379 24.000000
115 7 60.000000
366 93 53.000000
15 64 31.000000
295 315 41.000000
252 106 77.000000
174 164 21.000000
159 180 52.000000
190 331 62.000000
52 235 21.000000
365 395 78.000000
308 57 44.000000
168 172 88.000000
224 24 59.000000
16 54 81.000000
104 169 50.000000
175 88 25.000000
267 63 56.000000
244 179 16.000000
184 204 59.000000
46 205 62.000000
180 307 91.000000
241 238 56.000000
130 90 83.000000
345 153 40.000000
333 395 94.000000
116 254 46.000000
37 55 18.000000
381 103 69.000000
379 296 59.000000
244 250 84.000000
75 55 73.000000
232 179 47.000000
247 276 35.000000
257 265 35.000000
188 246 53.000000
163 202 69.000000
101 223 86.000000
159 23 97.000000
320 52 22.000000
277 343 22.000000
312 123 53.000000
302 300 92.000000
102 313 61.000000
194 225 64.000000
308 111 51.000000
327 267 29.000000
383 35 38.000000
377 262 40.000000
173 303 56.000000
178 51 75.000000
360 260 87.000000
116 377 48.000000
249 25 89.000000
110 6 55.000000
265 159 78.000000
188 270 30.000000
200 254 50.000000
395 320 24.000000
182 268 59.000000
389 396 86.000000
19 73 91.000000
51 59 61.000000
145 374 35.000000
378 229 82.000000
16 166 36.000000
87 76 12.000000
91 165 58.000000
15 143 65.000000
269 158 89.000000
196 72 43.000000
23 160 97.000000
29 309 87.000000
186 9 76.000000
398 263 16.000000
140 232 26.000000
17 146 16.000000
258 283 92.000000
149 305 88.000000
118 20 87.000000
186 100 29.000000
244 303 77.000000
23 362 97.000000
77 175 16.000000
261 103 20.000000
268 197 93.000000
92 158 34.000000
14 315 68.000000
358 90 46.000000
281 253 18.000000
98 91 78.000000
267 235 61.000000
40 120 63.000000
357 399 58.000000
348 259 59.000000
154 256 28.000000
374 278 71.000000
75 17 70.000000
35 271 59.000000
167 52 38.000000
393 309 98.000000
267 92 93.000000
294 97 47.000000
82 241 91.000000
381 350 52.000000
173 339 79.000000
316 27 70.000000
337 80 54.000000
187 332 55.000000
84 80 50.000000
224 399 67.000000
246 347 100.000000
195 196 19.000000
125 323 24.000000
228 351 25.000000
18 351 17.000000
341 100 65.000000
45 222 30.000000
167 271 74.000000
135 164 71.000000
8 381 12.000000
270 159 19.000000
156 5 73.000000
250 190 93.000000
203 14 82.000000
295 235 62.000000
47 276 93.000000
381 391 20.000000
31 166 37.000000
261 3 29.000000
18 185 77.000000
142 76 74.000000
75 363 88.000000
195 243 34.000000
399 265 84.000000
400 168 43.000000
302 278 58.000000
357 198 26.000000
257 323 36.000000
292 60 78.000000
294 266 53.000000
381 279 79.000000
34 365 11.000000
390 171 24.000000
236 31 24.000000
249 55 45.000000
178 246 82.000000
157 325 78.000000
54 173 26.000000
372 338 28.000000
250 309 41.000000
73 247 54.000000
327 395 17.000000
244 377 49.000000
40 287 64.000000
175 305 41.000000
385 306 74.000000
123 176 42.000000
398 318 54.000000
195 4 25.000000
398 216 75.000000
2 139 49.000000
91 140 67.000000
235 344 61.000000
78 253 75.000000
341 66 51.000000
398 335 90.000000
366 352 32.000000
2 389 52.000000
13 110 37.000000
161 68 63.000000
94 312 28.000000
163 119 92.000000
335 95 85.000000
198 8 14.000000
62 389 28.000000
177 375 43.000000
235 232 86.000000
197 63 47.000000
153 372 95.000000
136 15 52.000000
230 17 52.000000
194 222 33.000000
361 44 27.000000
144 273 44.000000
272 348 81.000000
158 148 25.000000
173 290 59.000000
332 309 93.000000
320 56 49.000000
189 184 65.000000
50 60 98.000000
163 42 88.000000
310 275 62.000000
47 245 37.000000
347 99 75.000000
56 217 43.000000
379 255 28.000000
111 51 56.000000
58 141 88.000000
127 268 55.000000
1 34 26.000000
104 370 37.000000
318 116 11.000000
258 349 16.000000
116 381 82.000000
73 319 48.000000
260 34 53.000000
322 84 61.000000
91 224 66.000000
347 4 67.000000
154 305 51.000000
358 7 49.000000
388 373 88.000000
191 350 22.000000
221 372 44.000000
323 246 65.000000
7 150 61.000000

