#Instance: 
225 840 100 1.0
1 2 91.000000 193.000000
1 16 97.000000 340.000000
2 1 95.000000 159.000000
2 3 82.000000 195.000000
2 17 92.000000 207.000000
3 2 85.000000 409.000000
3 4 95.000000 472.000000
3 18 97.000000 346.000000
4 3 93.000000 232.000000
4 5 83.000000 199.000000
4 19 85.000000 249.000000
5 4 99.000000 198.000000
5 6 87.000000 167.000000
5 20 80.000000 184.000000
6 5 85.000000 539.000000
6 7 98.000000 368.000000
6 21 88.000000 311.000000
7 6 93.000000 499.000000
7 8 84.000000 481.000000
7 22 85.000000 280.000000
8 7 81.000000 406.000000
8 9 96.000000 214.000000
8 23 96.000000 340.000000
9 8 88.000000 338.000000
9 10 87.000000 251.000000
9 24 98.000000 442.000000
10 9 84.000000 266.000000
10 11 97.000000 475.000000
10 25 100.000000 325.000000
11 10 83.000000 339.000000
11 12 99.000000 273.000000
11 26 94.000000 470.000000
12 11 88.000000 209.000000
12 13 86.000000 454.000000
12 27 96.000000 360.000000
13 12 83.000000 357.000000
13 14 98.000000 433.000000
13 28 85.000000 507.000000
14 13 93.000000 289.000000
14 15 86.000000 324.000000
14 29 93.000000 357.000000
15 14 94.000000 438.000000
15 30 82.000000 321.000000
16 1 96.000000 439.000000
16 17 91.000000 495.000000
16 31 88.000000 207.000000
17 2 92.000000 434.000000
17 16 98.000000 376.000000
17 18 83.000000 306.000000
17 32 82.000000 389.000000
18 3 88.000000 529.000000
18 17 94.000000 313.000000
18 19 96.000000 239.000000
18 33 94.000000 251.000000
19 4 80.000000 338.000000
19 18 94.000000 338.000000
19 20 86.000000 284.000000
19 34 100.000000 546.000000
20 5 100.000000 348.000000
20 19 94.000000 353.000000
20 21 82.000000 199.000000
20 35 89.000000 508.000000
21 6 98.000000 453.000000
21 20 88.000000 226.000000
21 22 100.000000 462.000000
21 36 89.000000 301.000000
22 7 81.000000 441.000000
22 21 92.000000 153.000000
22 23 98.000000 327.000000
22 37 92.000000 384.000000
23 8 92.000000 241.000000
23 22 92.000000 188.000000
23 24 96.000000 431.000000
23 38 94.000000 260.000000
24 9 99.000000 431.000000
24 23 97.000000 526.000000
24 25 97.000000 335.000000
24 39 92.000000 460.000000
25 10 89.000000 518.000000
25 24 95.000000 266.000000
25 26 82.000000 428.000000
25 40 84.000000 246.000000
26 11 89.000000 319.000000
26 25 99.000000 250.000000
26 27 96.000000 202.000000
26 41 81.000000 469.000000
27 12 94.000000 336.000000
27 26 94.000000 519.000000
27 28 95.000000 312.000000
27 42 80.000000 462.000000
28 13 81.000000 447.000000
28 27 95.000000 359.000000
28 29 94.000000 427.000000
28 43 95.000000 431.000000
29 14 81.000000 428.000000
29 28 88.000000 295.000000
29 30 81.000000 293.000000
29 44 94.000000 194.000000
30 15 80.000000 411.000000
30 29 98.000000 395.000000
30 45 94.000000 423.000000
31 16 80.000000 540.000000
31 32 86.000000 394.000000
31 46 95.000000 251.000000
32 17 82.000000 206.000000
32 31 98.000000 472.000000
32 33 85.000000 523.000000
32 47 81.000000 197.000000
33 18 95.000000 278.000000
33 32 86.000000 189.000000
33 34 91.000000 440.000000
33 48 93.000000 321.000000
34 19 87.000000 539.000000
34 33 96.000000 276.000000
34 35 99.000000 230.000000
34 49 99.000000 449.000000
35 20 89.000000 249.000000
35 34 98.000000 159.000000
35 36 93.000000 468.000000
35 50 87.000000 438.000000
36 21 91.000000 407.000000
36 35 83.000000 294.000000
36 37 85.000000 277.000000
36 51 96.000000 375.000000
37 22 97.000000 418.000000
37 36 96.000000 349.000000
37 38 82.000000 517.000000
37 52 82.000000 405.000000
38 23 84.000000 483.000000
38 37 94.000000 233.000000
38 39 86.000000 217.000000
38 53 100.000000 187.000000
39 24 93.000000 492.000000
39 38 93.000000 260.000000
39 40 96.000000 548.000000
39 54 87.000000 513.000000
40 25 94.000000 471.000000
40 39 87.000000 472.000000
40 41 83.000000 478.000000
40 55 83.000000 275.000000
41 26 96.000000 155.000000
41 40 96.000000 226.000000
41 42 89.000000 385.000000
41 56 83.000000 515.000000
42 27 91.000000 335.000000
42 41 92.000000 471.000000
42 43 92.000000 178.000000
42 57 85.000000 355.000000
43 28 94.000000 368.000000
43 42 94.000000 201.000000
43 44 95.000000 205.000000
43 58 84.000000 540.000000
44 29 83.000000 473.000000
44 43 84.000000 333.000000
44 45 94.000000 287.000000
44 59 89.000000 168.000000
45 30 85.000000 424.000000
45 44 92.000000 486.000000
45 60 85.000000 375.000000
46 31 98.000000 372.000000
46 47 92.000000 446.000000
46 61 99.000000 306.000000
47 32 97.000000 543.000000
47 46 89.000000 517.000000
47 48 84.000000 344.000000
47 62 80.000000 416.000000
48 33 80.000000 243.000000
48 47 97.000000 263.000000
48 49 98.000000 251.000000
48 63 86.000000 244.000000
49 34 94.000000 515.000000
49 48 85.000000 271.000000
49 50 91.000000 235.000000
49 64 84.000000 192.000000
50 35 88.000000 278.000000
50 49 84.000000 506.000000
50 51 81.000000 154.000000
50 65 82.000000 214.000000
51 36 83.000000 414.000000
51 50 86.000000 503.000000
51 52 91.000000 188.000000
51 66 100.000000 262.000000
52 37 83.000000 353.000000
52 51 95.000000 156.000000
52 53 85.000000 258.000000
52 67 80.000000 256.000000
53 38 91.000000 465.000000
53 52 84.000000 192.000000
53 54 86.000000 329.000000
53 68 94.000000 256.000000
54 39 85.000000 193.000000
54 53 85.000000 500.000000
54 55 82.000000 237.000000
54 69 84.000000 486.000000
55 40 97.000000 413.000000
55 54 94.000000 263.000000
55 56 95.000000 223.000000
55 70 81.000000 270.000000
56 41 85.000000 356.000000
56 55 85.000000 475.000000
56 57 100.000000 410.000000
56 71 91.000000 359.000000
57 42 82.000000 390.000000
57 56 80.000000 385.000000
57 58 85.000000 423.000000
57 72 96.000000 493.000000
58 43 83.000000 178.000000
58 57 84.000000 443.000000
58 59 88.000000 166.000000
58 73 88.000000 272.000000
59 44 91.000000 331.000000
59 58 94.000000 514.000000
59 60 86.000000 173.000000
59 74 92.000000 396.000000
60 45 92.000000 259.000000
60 59 93.000000 306.000000
60 75 83.000000 541.000000
61 46 99.000000 328.000000
61 62 86.000000 336.000000
61 76 84.000000 392.000000
62 47 88.000000 460.000000
62 61 86.000000 262.000000
62 63 88.000000 301.000000
62 77 85.000000 379.000000
63 48 94.000000 548.000000
63 62 98.000000 236.000000
63 64 88.000000 384.000000
63 78 94.000000 190.000000
64 49 81.000000 414.000000
64 63 93.000000 269.000000
64 65 98.000000 301.000000
64 79 100.000000 213.000000
65 50 93.000000 449.000000
65 64 87.000000 376.000000
65 66 91.000000 198.000000
65 80 95.000000 302.000000
66 51 100.000000 262.000000
66 65 91.000000 324.000000
66 67 84.000000 286.000000
66 81 97.000000 160.000000
67 52 85.000000 382.000000
67 66 89.000000 402.000000
67 68 93.000000 457.000000
67 82 95.000000 294.000000
68 53 84.000000 426.000000
68 67 82.000000 245.000000
68 69 97.000000 205.000000
68 83 89.000000 495.000000
69 54 88.000000 344.000000
69 68 91.000000 202.000000
69 70 100.000000 163.000000
69 84 86.000000 196.000000
70 55 98.000000 377.000000
70 69 96.000000 291.000000
70 71 88.000000 367.000000
70 85 92.000000 489.000000
71 56 98.000000 308.000000
71 70 94.000000 406.000000
71 72 89.000000 155.000000
71 86 93.000000 548.000000
72 57 82.000000 438.000000
72 71 85.000000 450.000000
72 73 82.000000 429.000000
72 87 98.000000 228.000000
73 58 85.000000 505.000000
73 72 97.000000 442.000000
73 74 96.000000 369.000000
73 88 85.000000 398.000000
74 59 84.000000 532.000000
74 73 85.000000 469.000000
74 75 84.000000 536.000000
74 89 87.000000 379.000000
75 60 81.000000 251.000000
75 74 99.000000 546.000000
75 90 93.000000 456.000000
76 61 86.000000 441.000000
76 77 94.000000 286.000000
76 91 82.000000 238.000000
77 62 85.000000 212.000000
77 76 88.000000 319.000000
77 78 81.000000 523.000000
77 92 81.000000 519.000000
78 63 82.000000 546.000000
78 77 96.000000 523.000000
78 79 98.000000 480.000000
78 93 82.000000 519.000000
79 64 91.000000 195.000000
79 78 92.000000 196.000000
79 80 96.000000 282.000000
79 94 94.000000 433.000000
80 65 86.000000 159.000000
80 79 93.000000 279.000000
80 81 85.000000 254.000000
80 95 88.000000 435.000000
81 66 88.000000 429.000000
81 80 88.000000 156.000000
81 82 88.000000 155.000000
81 96 94.000000 491.000000
82 67 98.000000 473.000000
82 81 87.000000 532.000000
82 83 91.000000 452.000000
82 97 84.000000 498.000000
83 68 81.000000 203.000000
83 82 94.000000 311.000000
83 84 94.000000 258.000000
83 98 97.000000 436.000000
84 69 88.000000 333.000000
84 83 81.000000 237.000000
84 85 100.000000 331.000000
84 99 93.000000 393.000000
85 70 83.000000 437.000000
85 84 83.000000 259.000000
85 86 93.000000 173.000000
85 100 96.000000 506.000000
86 71 97.000000 422.000000
86 85 87.000000 178.000000
86 87 99.000000 406.000000
86 101 82.000000 312.000000
87 72 81.000000 528.000000
87 86 84.000000 153.000000
87 88 94.000000 276.000000
87 102 80.000000 341.000000
88 73 87.000000 369.000000
88 87 82.000000 209.000000
88 89 81.000000 257.000000
88 103 88.000000 235.000000
89 74 93.000000 529.000000
89 88 98.000000 525.000000
89 90 91.000000 412.000000
89 104 97.000000 245.000000
90 75 89.000000 415.000000
90 89 92.000000 455.000000
90 105 93.000000 478.000000
91 76 95.000000 367.000000
91 92 88.000000 297.000000
91 106 93.000000 453.000000
92 77 89.000000 324.000000
92 91 86.000000 391.000000
92 93 91.000000 428.000000
92 107 96.000000 454.000000
93 78 96.000000 376.000000
93 92 80.000000 313.000000
93 94 81.000000 377.000000
93 108 98.000000 484.000000
94 79 100.000000 225.000000
94 93 100.000000 379.000000
94 95 97.000000 267.000000
94 109 80.000000 253.000000
95 80 88.000000 229.000000
95 94 82.000000 219.000000
95 96 80.000000 245.000000
95 110 89.000000 301.000000
96 81 93.000000 330.000000
96 95 85.000000 343.000000
96 97 81.000000 294.000000
96 111 99.000000 252.000000
97 82 100.000000 483.000000
97 96 96.000000 249.000000
97 98 80.000000 292.000000
97 112 97.000000 346.000000
98 83 96.000000 527.000000
98 97 91.000000 413.000000
98 99 91.000000 440.000000
98 113 83.000000 202.000000
99 84 96.000000 301.000000
99 98 94.000000 422.000000
99 100 81.000000 366.000000
99 114 98.000000 189.000000
100 85 96.000000 211.000000
100 99 94.000000 516.000000
100 101 88.000000 219.000000
100 115 87.000000 549.000000
101 86 88.000000 274.000000
101 100 87.000000 391.000000
101 102 92.000000 464.000000
101 116 95.000000 451.000000
102 87 93.000000 250.000000
102 101 97.000000 540.000000
102 103 89.000000 492.000000
102 117 89.000000 528.000000
103 88 87.000000 461.000000
103 102 88.000000 380.000000
103 104 82.000000 364.000000
103 118 97.000000 269.000000
104 89 97.000000 323.000000
104 103 82.000000 439.000000
104 105 96.000000 180.000000
104 119 98.000000 211.000000
105 90 88.000000 200.000000
105 104 84.000000 461.000000
105 120 97.000000 220.000000
106 91 94.000000 320.000000
106 107 81.000000 389.000000
106 121 89.000000 290.000000
107 92 84.000000 329.000000
107 106 91.000000 498.000000
107 108 96.000000 454.000000
107 122 82.000000 195.000000
108 93 89.000000 498.000000
108 107 87.000000 193.000000
108 109 96.000000 315.000000
108 123 89.000000 304.000000
109 94 81.000000 323.000000
109 108 97.000000 269.000000
109 110 98.000000 314.000000
109 124 93.000000 206.000000
110 95 87.000000 468.000000
110 109 100.000000 504.000000
110 111 93.000000 455.000000
110 125 80.000000 380.000000
111 96 89.000000 249.000000
111 110 97.000000 272.000000
111 112 80.000000 452.000000
111 126 86.000000 520.000000
112 97 81.000000 439.000000
112 111 80.000000 172.000000
112 113 84.000000 373.000000
112 127 84.000000 415.000000
113 98 96.000000 213.000000
113 112 96.000000 174.000000
113 114 86.000000 320.000000
113 128 97.000000 446.000000
114 99 95.000000 152.000000
114 113 100.000000 436.000000
114 115 88.000000 523.000000
114 129 99.000000 162.000000
115 100 87.000000 201.000000
115 114 94.000000 354.000000
115 116 94.000000 304.000000
115 130 93.000000 407.000000
116 101 88.000000 515.000000
116 115 96.000000 423.000000
116 117 95.000000 474.000000
116 131 94.000000 237.000000
117 102 97.000000 491.000000
117 116 92.000000 446.000000
117 118 82.000000 424.000000
117 132 80.000000 525.000000
118 103 83.000000 297.000000
118 117 80.000000 276.000000
118 119 88.000000 484.000000
118 133 80.000000 277.000000
119 104 81.000000 225.000000
119 118 91.000000 240.000000
119 120 86.000000 387.000000
119 134 93.000000 355.000000
120 105 81.000000 163.000000
120 119 91.000000 216.000000
120 135 83.000000 433.000000
121 106 91.000000 247.000000
121 122 84.000000 515.000000
121 136 95.000000 520.000000
122 107 83.000000 186.000000
122 121 97.000000 163.000000
122 123 89.000000 465.000000
122 137 80.000000 368.000000
123 108 94.000000 493.000000
123 122 85.000000 500.000000
123 124 88.000000 511.000000
123 138 89.000000 269.000000
124 109 88.000000 456.000000
124 123 98.000000 164.000000
124 125 96.000000 379.000000
124 139 80.000000 528.000000
125 110 95.000000 358.000000
125 124 80.000000 184.000000
125 126 80.000000 416.000000
125 140 83.000000 202.000000
126 111 89.000000 169.000000
126 125 97.000000 502.000000
126 127 92.000000 397.000000
126 141 80.000000 284.000000
127 112 98.000000 220.000000
127 126 85.000000 396.000000
127 128 89.000000 245.000000
127 142 95.000000 273.000000
128 113 81.000000 491.000000
128 127 99.000000 384.000000
128 129 85.000000 166.000000
128 143 93.000000 290.000000
129 114 98.000000 295.000000
129 128 94.000000 497.000000
129 130 91.000000 344.000000
129 144 96.000000 313.000000
130 115 86.000000 384.000000
130 129 95.000000 361.000000
130 131 96.000000 473.000000
130 145 95.000000 280.000000
131 116 88.000000 500.000000
131 130 86.000000 363.000000
131 132 89.000000 455.000000
131 146 93.000000 228.000000
132 117 97.000000 353.000000
132 131 95.000000 162.000000
132 133 81.000000 187.000000
132 147 89.000000 241.000000
133 118 98.000000 279.000000
133 132 86.000000 199.000000
133 134 85.000000 524.000000
133 148 95.000000 545.000000
134 119 83.000000 350.000000
134 133 80.000000 480.000000
134 135 94.000000 151.000000
134 149 85.000000 337.000000
135 120 82.000000 182.000000
135 134 82.000000 290.000000
135 150 88.000000 471.000000
136 121 91.000000 503.000000
136 137 96.000000 227.000000
136 151 94.000000 297.000000
137 122 85.000000 415.000000
137 136 83.000000 374.000000
137 138 95.000000 387.000000
137 152 87.000000 314.000000
138 123 83.000000 499.000000
138 137 82.000000 505.000000
138 139 95.000000 335.000000
138 153 91.000000 175.000000
139 124 80.000000 427.000000
139 138 82.000000 422.000000
139 140 87.000000 181.000000
139 154 99.000000 198.000000
140 125 89.000000 363.000000
140 139 91.000000 507.000000
140 141 81.000000 277.000000
140 155 96.000000 284.000000
141 126 84.000000 177.000000
141 140 91.000000 186.000000
141 142 87.000000 384.000000
141 156 97.000000 527.000000
142 127 99.000000 383.000000
142 141 87.000000 370.000000
142 143 92.000000 209.000000
142 157 96.000000 387.000000
143 128 95.000000 279.000000
143 142 82.000000 328.000000
143 144 84.000000 327.000000
143 158 88.000000 499.000000
144 129 97.000000 203.000000
144 143 91.000000 547.000000
144 145 95.000000 293.000000
144 159 93.000000 170.000000
145 130 100.000000 214.000000
145 144 98.000000 533.000000
145 146 91.000000 176.000000
145 160 94.000000 235.000000
146 131 87.000000 512.000000
146 145 92.000000 334.000000
146 147 89.000000 297.000000
146 161 89.000000 329.000000
147 132 84.000000 318.000000
147 146 81.000000 332.000000
147 148 87.000000 213.000000
147 162 88.000000 238.000000
148 133 95.000000 505.000000
148 147 97.000000 467.000000
148 149 87.000000 545.000000
148 163 98.000000 399.000000
149 134 95.000000 322.000000
149 148 82.000000 273.000000
149 150 99.000000 258.000000
149 164 83.000000 398.000000
150 135 100.000000 295.000000
150 149 85.000000 461.000000
150 165 94.000000 223.000000
151 136 95.000000 540.000000
151 152 91.000000 439.000000
151 166 95.000000 239.000000
152 137 99.000000 449.000000
152 151 97.000000 151.000000
152 153 86.000000 280.000000
152 167 96.000000 310.000000
153 138 92.000000 227.000000
153 152 91.000000 467.000000
153 154 83.000000 206.000000
153 168 93.000000 521.000000
154 139 98.000000 166.000000
154 153 83.000000 186.000000
154 155 96.000000 257.000000
154 169 82.000000 530.000000
155 140 83.000000 166.000000
155 154 80.000000 333.000000
155 156 96.000000 271.000000
155 170 88.000000 436.000000
156 141 87.000000 310.000000
156 155 81.000000 506.000000
156 157 94.000000 286.000000
156 171 87.000000 156.000000
157 142 95.000000 313.000000
157 156 97.000000 365.000000
157 158 88.000000 331.000000
157 172 88.000000 498.000000
158 143 87.000000 525.000000
158 157 91.000000 431.000000
158 159 97.000000 500.000000
158 173 97.000000 289.000000
159 144 95.000000 506.000000
159 158 81.000000 445.000000
159 160 83.000000 426.000000
159 174 83.000000 539.000000
160 145 83.000000 182.000000
160 159 98.000000 161.000000
160 161 89.000000 276.000000
160 175 97.000000 384.000000
161 146 95.000000 402.000000
161 160 98.000000 438.000000
161 162 81.000000 371.000000
161 176 97.000000 179.000000
162 147 98.000000 299.000000
162 161 87.000000 278.000000
162 163 83.000000 343.000000
162 177 84.000000 505.000000
163 148 100.000000 276.000000
163 162 85.000000 486.000000
163 164 94.000000 550.000000
163 178 95.000000 446.000000
164 149 96.000000 421.000000
164 163 96.000000 410.000000
164 165 92.000000 250.000000
164 179 98.000000 312.000000
165 150 85.000000 373.000000
165 164 86.000000 428.000000
165 180 99.000000 456.000000
166 151 99.000000 547.000000
166 167 81.000000 444.000000
166 181 80.000000 233.000000
167 152 80.000000 378.000000
167 166 93.000000 412.000000
167 168 99.000000 411.000000
167 182 93.000000 392.000000
168 153 100.000000 173.000000
168 167 91.000000 185.000000
168 169 88.000000 195.000000
168 183 98.000000 433.000000
169 154 97.000000 504.000000
169 168 94.000000 451.000000
169 170 98.000000 431.000000
169 184 85.000000 524.000000
170 155 83.000000 426.000000
170 169 83.000000 236.000000
170 171 80.000000 354.000000
170 185 98.000000 412.000000
171 156 95.000000 517.000000
171 170 95.000000 362.000000
171 172 86.000000 199.000000
171 186 82.000000 272.000000
172 157 93.000000 358.000000
172 171 89.000000 164.000000
172 173 92.000000 336.000000
172 187 95.000000 347.000000
173 158 86.000000 479.000000
173 172 87.000000 357.000000
173 174 82.000000 357.000000
173 188 100.000000 418.000000
174 159 87.000000 280.000000
174 173 89.000000 191.000000
174 175 100.000000 313.000000
174 189 96.000000 395.000000
175 160 89.000000 443.000000
175 174 84.000000 475.000000
175 176 96.000000 528.000000
175 190 88.000000 261.000000
176 161 97.000000 152.000000
176 175 83.000000 221.000000
176 177 93.000000 194.000000
176 191 81.000000 256.000000
177 162 89.000000 414.000000
177 176 83.000000 477.000000
177 178 85.000000 362.000000
177 192 94.000000 350.000000
178 163 95.000000 225.000000
178 177 98.000000 308.000000
178 179 89.000000 347.000000
178 193 96.000000 274.000000
179 164 92.000000 463.000000
179 178 87.000000 490.000000
179 180 87.000000 342.000000
179 194 80.000000 366.000000
180 165 88.000000 234.000000
180 179 81.000000 277.000000
180 195 99.000000 480.000000
181 166 95.000000 500.000000
181 182 96.000000 192.000000
181 196 81.000000 403.000000
182 167 91.000000 333.000000
182 181 89.000000 157.000000
182 183 82.000000 328.000000
182 197 92.000000 492.000000
183 168 81.000000 268.000000
183 182 95.000000 500.000000
183 184 100.000000 350.000000
183 198 91.000000 413.000000
184 169 96.000000 284.000000
184 183 85.000000 319.000000
184 185 82.000000 168.000000
184 199 81.000000 180.000000
185 170 97.000000 524.000000
185 184 81.000000 308.000000
185 186 85.000000 193.000000
185 200 83.000000 319.000000
186 171 85.000000 283.000000
186 185 92.000000 329.000000
186 187 85.000000 162.000000
186 201 83.000000 499.000000
187 172 97.000000 531.000000
187 186 97.000000 539.000000
187 188 91.000000 202.000000
187 202 81.000000 367.000000
188 173 84.000000 352.000000
188 187 84.000000 227.000000
188 189 86.000000 453.000000
188 203 91.000000 360.000000
189 174 95.000000 317.000000
189 188 92.000000 443.000000
189 190 88.000000 545.000000
189 204 85.000000 450.000000
190 175 95.000000 405.000000
190 189 92.000000 252.000000
190 191 91.000000 461.000000
190 205 87.000000 195.000000
191 176 84.000000 281.000000
191 190 88.000000 316.000000
191 192 91.000000 488.000000
191 206 80.000000 446.000000
192 177 97.000000 345.000000
192 191 87.000000 421.000000
192 193 100.000000 169.000000
192 207 80.000000 479.000000
193 178 92.000000 168.000000
193 192 92.000000 255.000000
193 194 80.000000 368.000000
193 208 87.000000 517.000000
194 179 87.000000 318.000000
194 193 95.000000 464.000000
194 195 87.000000 366.000000
194 209 96.000000 199.000000
195 180 94.000000 200.000000
195 194 80.000000 469.000000
195 210 95.000000 496.000000
196 181 92.000000 158.000000
196 197 85.000000 314.000000
196 211 87.000000 505.000000
197 182 99.000000 231.000000
197 196 95.000000 477.000000
197 198 86.000000 348.000000
197 212 91.000000 333.000000
198 183 91.000000 231.000000
198 197 80.000000 384.000000
198 199 87.000000 318.000000
198 213 92.000000 498.000000
199 184 80.000000 277.000000
199 198 99.000000 537.000000
199 200 81.000000 162.000000
199 214 80.000000 198.000000
200 185 83.000000 386.000000
200 199 82.000000 282.000000
200 201 95.000000 212.000000
200 215 98.000000 408.000000
201 186 84.000000 237.000000
201 200 92.000000 426.000000
201 202 89.000000 345.000000
201 216 91.000000 350.000000
202 187 81.000000 199.000000
202 201 94.000000 304.000000
202 203 88.000000 229.000000
202 217 94.000000 342.000000
203 188 86.000000 303.000000
203 202 92.000000 488.000000
203 204 93.000000 481.000000
203 218 100.000000 314.000000
204 189 97.000000 440.000000
204 203 80.000000 313.000000
204 205 84.000000 347.000000
204 219 100.000000 234.000000
205 190 93.000000 518.000000
205 204 92.000000 378.000000
205 206 91.000000 511.000000
205 220 89.000000 517.000000
206 191 80.000000 282.000000
206 205 85.000000 378.000000
206 207 85.000000 251.000000
206 221 91.000000 278.000000
207 192 94.000000 312.000000
207 206 82.000000 439.000000
207 208 97.000000 360.000000
207 222 95.000000 290.000000
208 193 94.000000 310.000000
208 207 83.000000 316.000000
208 209 95.000000 226.000000
208 223 83.000000 510.000000
209 194 84.000000 192.000000
209 208 85.000000 215.000000
209 210 98.000000 512.000000
209 224 94.000000 232.000000
210 195 84.000000 488.000000
210 209 100.000000 396.000000
210 225 93.000000 214.000000
211 196 99.000000 340.000000
211 212 84.000000 380.000000
212 197 83.000000 531.000000
212 211 83.000000 341.000000
212 213 80.000000 512.000000
213 198 87.000000 270.000000
213 212 80.000000 373.000000
213 214 98.000000 211.000000
214 199 82.000000 438.000000
214 213 82.000000 405.000000
214 215 100.000000 301.000000
215 200 83.000000 181.000000
215 214 92.000000 330.000000
215 216 100.000000 468.000000
216 201 84.000000 494.000000
216 215 80.000000 423.000000
216 217 93.000000 161.000000
217 202 88.000000 441.000000
217 216 95.000000 511.000000
217 218 93.000000 358.000000
218 203 96.000000 524.000000
218 217 96.000000 463.000000
218 219 80.000000 434.000000
219 204 91.000000 365.000000
219 218 95.000000 544.000000
219 220 93.000000 392.000000
220 205 94.000000 529.000000
220 219 87.000000 364.000000
220 221 100.000000 530.000000
221 206 95.000000 372.000000
221 220 99.000000 198.000000
221 222 82.000000 511.000000
222 207 96.000000 423.000000
222 221 94.000000 338.000000
222 223 82.000000 381.000000
223 208 94.000000 184.000000
223 222 81.000000 486.000000
223 224 80.000000 156.000000
224 209 100.000000 165.000000
224 223 93.000000 502.000000
224 225 89.000000 527.000000
225 210 92.000000 318.000000
225 224 99.000000 172.000000
75 84 16.000000
155 1 87.000000
195 20 88.000000
87 115 40.000000
76 163 42.000000
72 150 45.000000
100 16 38.000000
189 31 33.000000
73 32 40.000000
80 132 26.000000
7 33 18.000000
165 71 68.000000
64 155 31.000000
59 166 47.000000
175 126 96.000000
148 127 97.000000
171 66 29.000000
6 222 80.000000
22 165 95.000000
219 125 23.000000
80 45 21.000000
9 67 98.000000
190 218 79.000000
18 94 19.000000
58 68 26.000000
56 75 46.000000
34 137 57.000000
30 147 12.000000
59 84 72.000000
85 163 24.000000
152 127 75.000000
143 221 81.000000
105 5 76.000000
92 202 32.000000
143 141 49.000000
127 82 18.000000
221 194 13.000000
173 55 85.000000
117 59 76.000000
165 216 79.000000
191 7 42.000000
184 104 59.000000
116 73 19.000000
77 73 73.000000
91 40 53.000000
147 191 62.000000
167 158 50.000000
80 216 69.000000
79 175 68.000000
41 46 19.000000
119 3 14.000000
137 4 55.000000
128 22 66.000000
46 169 73.000000
115 105 53.000000
5 82 36.000000
42 179 45.000000
142 48 61.000000
184 138 90.000000
192 205 47.000000
218 101 55.000000
108 117 95.000000
36 24 87.000000
82 78 58.000000
119 17 21.000000
192 47 68.000000
17 23 27.000000
198 40 42.000000
93 200 85.000000
110 3 24.000000
17 121 92.000000
118 65 98.000000
129 70 21.000000
25 159 20.000000
23 189 67.000000
155 181 95.000000
62 134 75.000000
37 158 75.000000
200 71 77.000000
108 130 61.000000
219 224 76.000000
34 109 78.000000
158 180 64.000000
47 10 96.000000
31 185 67.000000
42 77 96.000000
19 174 96.000000
45 168 99.000000
150 94 20.000000
214 111 27.000000
220 138 19.000000
205 65 81.000000
175 68 88.000000
156 17 42.000000
219 10 77.000000
161 7 15.000000
13 118 38.000000
89 22 52.000000
219 128 21.000000
67 62 69.000000

