#Instance: 
625 2400 500 1.0
1 2 91.000000 403.000000
1 26 97.000000 550.000000
2 1 95.000000 369.000000
2 3 82.000000 405.000000
2 27 92.000000 417.000000
3 2 85.000000 619.000000
3 4 95.000000 682.000000
3 28 97.000000 556.000000
4 3 93.000000 442.000000
4 5 83.000000 409.000000
4 29 85.000000 459.000000
5 4 99.000000 408.000000
5 6 87.000000 377.000000
5 30 80.000000 394.000000
6 5 85.000000 749.000000
6 7 98.000000 578.000000
6 31 88.000000 521.000000
7 6 93.000000 709.000000
7 8 84.000000 691.000000
7 32 85.000000 490.000000
8 7 81.000000 616.000000
8 9 96.000000 424.000000
8 33 96.000000 550.000000
9 8 88.000000 548.000000
9 10 87.000000 461.000000
9 34 98.000000 652.000000
10 9 84.000000 476.000000
10 11 97.000000 685.000000
10 35 100.000000 535.000000
11 10 83.000000 549.000000
11 12 99.000000 483.000000
11 36 94.000000 680.000000
12 11 88.000000 419.000000
12 13 86.000000 664.000000
12 37 96.000000 570.000000
13 12 83.000000 567.000000
13 14 98.000000 643.000000
13 38 85.000000 717.000000
14 13 93.000000 499.000000
14 15 86.000000 534.000000
14 39 93.000000 567.000000
15 14 94.000000 648.000000
15 16 82.000000 531.000000
15 40 96.000000 649.000000
16 15 91.000000 705.000000
16 17 88.000000 417.000000
16 41 92.000000 644.000000
17 16 98.000000 586.000000
17 18 83.000000 516.000000
17 42 82.000000 599.000000
18 17 88.000000 739.000000
18 19 94.000000 523.000000
18 43 96.000000 449.000000
19 18 94.000000 461.000000
19 20 80.000000 548.000000
19 44 94.000000 548.000000
20 19 86.000000 494.000000
20 21 100.000000 756.000000
20 45 100.000000 558.000000
21 20 94.000000 563.000000
21 22 82.000000 409.000000
21 46 89.000000 718.000000
22 21 98.000000 663.000000
22 23 88.000000 436.000000
22 47 100.000000 672.000000
23 22 89.000000 511.000000
23 24 81.000000 651.000000
23 48 92.000000 363.000000
24 23 98.000000 537.000000
24 25 92.000000 594.000000
24 49 92.000000 451.000000
25 24 92.000000 398.000000
25 50 96.000000 641.000000
26 1 94.000000 470.000000
26 27 99.000000 641.000000
26 51 97.000000 736.000000
27 2 97.000000 545.000000
27 26 92.000000 670.000000
27 28 89.000000 728.000000
27 52 95.000000 476.000000
28 3 82.000000 638.000000
28 27 84.000000 456.000000
28 29 89.000000 529.000000
28 53 99.000000 460.000000
29 4 96.000000 412.000000
29 28 81.000000 679.000000
29 30 94.000000 546.000000
29 54 94.000000 729.000000
30 5 95.000000 522.000000
30 29 80.000000 672.000000
30 31 81.000000 657.000000
30 55 95.000000 569.000000
31 6 94.000000 637.000000
31 30 95.000000 641.000000
31 32 81.000000 638.000000
31 56 88.000000 505.000000
32 7 81.000000 503.000000
32 31 94.000000 404.000000
32 33 80.000000 621.000000
32 57 98.000000 605.000000
33 8 94.000000 633.000000
33 32 80.000000 750.000000
33 34 86.000000 604.000000
33 58 95.000000 461.000000
34 9 82.000000 416.000000
34 33 98.000000 682.000000
34 35 85.000000 733.000000
34 59 81.000000 407.000000
35 10 95.000000 488.000000
35 34 86.000000 399.000000
35 36 91.000000 650.000000
35 60 93.000000 531.000000
36 11 87.000000 749.000000
36 35 96.000000 486.000000
36 37 99.000000 440.000000
36 61 99.000000 659.000000
37 12 89.000000 459.000000
37 36 98.000000 369.000000
37 38 93.000000 678.000000
37 62 87.000000 648.000000
38 13 91.000000 617.000000
38 37 83.000000 504.000000
38 39 85.000000 487.000000
38 63 96.000000 585.000000
39 14 97.000000 628.000000
39 38 96.000000 559.000000
39 40 82.000000 727.000000
39 64 82.000000 615.000000
40 15 84.000000 693.000000
40 39 94.000000 443.000000
40 41 86.000000 427.000000
40 65 100.000000 397.000000
41 16 93.000000 702.000000
41 40 93.000000 470.000000
41 42 96.000000 758.000000
41 66 87.000000 723.000000
42 17 94.000000 681.000000
42 41 87.000000 682.000000
42 43 83.000000 688.000000
42 67 83.000000 485.000000
43 18 96.000000 365.000000
43 42 96.000000 436.000000
43 44 89.000000 595.000000
43 68 83.000000 725.000000
44 19 91.000000 545.000000
44 43 92.000000 681.000000
44 45 92.000000 388.000000
44 69 85.000000 565.000000
45 20 94.000000 578.000000
45 44 94.000000 411.000000
45 46 95.000000 415.000000
45 70 84.000000 750.000000
46 21 83.000000 683.000000
46 45 84.000000 543.000000
46 47 94.000000 497.000000
46 71 89.000000 378.000000
47 22 85.000000 634.000000
47 46 92.000000 696.000000
47 48 85.000000 585.000000
47 72 98.000000 582.000000
48 23 92.000000 656.000000
48 47 99.000000 516.000000
48 49 97.000000 753.000000
48 73 89.000000 727.000000
49 24 84.000000 554.000000
49 48 80.000000 626.000000
49 50 80.000000 453.000000
49 74 97.000000 473.000000
50 25 98.000000 461.000000
50 49 86.000000 454.000000
50 75 94.000000 725.000000
51 26 85.000000 481.000000
51 52 91.000000 445.000000
51 76 84.000000 402.000000
52 27 88.000000 488.000000
52 51 84.000000 716.000000
52 53 81.000000 364.000000
52 77 82.000000 424.000000
53 28 83.000000 624.000000
53 52 86.000000 713.000000
53 54 91.000000 398.000000
53 78 100.000000 472.000000
54 29 83.000000 563.000000
54 53 95.000000 366.000000
54 55 85.000000 468.000000
54 79 80.000000 466.000000
55 30 91.000000 675.000000
55 54 84.000000 402.000000
55 56 86.000000 539.000000
55 80 94.000000 466.000000
56 31 85.000000 403.000000
56 55 85.000000 710.000000
56 57 82.000000 447.000000
56 81 84.000000 696.000000
57 32 97.000000 623.000000
57 56 94.000000 473.000000
57 58 95.000000 433.000000
57 82 81.000000 480.000000
58 33 85.000000 566.000000
58 57 85.000000 685.000000
58 59 100.000000 620.000000
58 83 91.000000 569.000000
59 34 82.000000 600.000000
59 58 80.000000 595.000000
59 60 85.000000 633.000000
59 84 96.000000 703.000000
60 35 83.000000 388.000000
60 59 84.000000 653.000000
60 61 88.000000 376.000000
60 85 88.000000 482.000000
61 36 91.000000 541.000000
61 60 94.000000 724.000000
61 62 86.000000 383.000000
61 86 92.000000 606.000000
62 37 92.000000 469.000000
62 61 93.000000 516.000000
62 63 83.000000 751.000000
62 87 99.000000 538.000000
63 38 86.000000 546.000000
63 62 84.000000 602.000000
63 64 88.000000 670.000000
63 88 86.000000 472.000000
64 39 88.000000 511.000000
64 63 85.000000 589.000000
64 65 94.000000 758.000000
64 89 98.000000 446.000000
65 40 88.000000 594.000000
65 64 94.000000 400.000000
65 66 81.000000 624.000000
65 90 93.000000 479.000000
66 41 98.000000 511.000000
66 65 100.000000 423.000000
66 67 93.000000 659.000000
66 91 87.000000 586.000000
67 42 91.000000 408.000000
67 66 95.000000 512.000000
67 68 100.000000 472.000000
67 92 91.000000 534.000000
68 43 84.000000 496.000000
68 67 97.000000 370.000000
68 69 85.000000 592.000000
68 93 89.000000 612.000000
69 44 93.000000 667.000000
69 68 95.000000 504.000000
69 70 84.000000 636.000000
69 94 82.000000 455.000000
70 45 97.000000 415.000000
70 69 89.000000 705.000000
70 71 88.000000 554.000000
70 95 91.000000 412.000000
71 46 100.000000 373.000000
71 70 86.000000 406.000000
71 72 98.000000 587.000000
71 96 96.000000 501.000000
72 47 88.000000 577.000000
72 71 92.000000 699.000000
72 73 98.000000 518.000000
72 97 94.000000 616.000000
73 48 89.000000 365.000000
73 72 93.000000 758.000000
73 74 82.000000 648.000000
73 98 85.000000 660.000000
74 49 82.000000 639.000000
74 73 98.000000 438.000000
74 75 85.000000 715.000000
74 99 97.000000 652.000000
75 50 96.000000 579.000000
75 74 85.000000 608.000000
75 100 84.000000 742.000000
76 51 85.000000 679.000000
76 77 84.000000 746.000000
76 101 87.000000 589.000000
77 52 81.000000 461.000000
77 76 99.000000 756.000000
77 78 93.000000 666.000000
77 102 86.000000 651.000000
78 53 94.000000 496.000000
78 77 82.000000 448.000000
78 79 85.000000 422.000000
78 103 88.000000 529.000000
79 54 81.000000 733.000000
79 78 81.000000 729.000000
79 80 82.000000 756.000000
79 104 96.000000 733.000000
80 55 98.000000 690.000000
80 79 82.000000 729.000000
80 81 91.000000 405.000000
80 105 92.000000 406.000000
81 56 96.000000 492.000000
81 80 94.000000 643.000000
81 82 86.000000 369.000000
81 106 93.000000 489.000000
82 57 85.000000 464.000000
82 81 88.000000 645.000000
82 83 88.000000 639.000000
82 107 88.000000 366.000000
83 58 88.000000 365.000000
83 82 94.000000 701.000000
83 84 98.000000 683.000000
83 108 87.000000 742.000000
84 59 91.000000 662.000000
84 83 84.000000 708.000000
84 85 81.000000 413.000000
84 109 94.000000 521.000000
85 60 94.000000 468.000000
85 84 97.000000 646.000000
85 86 88.000000 543.000000
85 110 81.000000 447.000000
86 61 100.000000 541.000000
86 85 93.000000 603.000000
86 87 83.000000 647.000000
86 111 83.000000 469.000000
87 62 93.000000 383.000000
87 86 96.000000 716.000000
87 88 97.000000 632.000000
87 112 87.000000 388.000000
88 63 99.000000 616.000000
88 87 82.000000 522.000000
88 89 81.000000 738.000000
88 113 84.000000 363.000000
89 64 94.000000 486.000000
89 88 80.000000 551.000000
89 90 87.000000 579.000000
89 114 82.000000 419.000000
90 65 81.000000 467.000000
90 89 88.000000 445.000000
90 91 93.000000 739.000000
90 115 98.000000 735.000000
91 66 91.000000 622.000000
91 90 97.000000 455.000000
91 92 89.000000 625.000000
91 116 92.000000 665.000000
92 67 93.000000 688.000000
92 91 95.000000 577.000000
92 93 88.000000 507.000000
92 117 93.000000 663.000000
93 68 89.000000 534.000000
93 92 86.000000 601.000000
93 94 91.000000 638.000000
93 118 96.000000 664.000000
94 69 96.000000 586.000000
94 93 80.000000 523.000000
94 95 81.000000 587.000000
94 119 98.000000 694.000000
95 70 100.000000 435.000000
95 94 100.000000 589.000000
95 96 97.000000 477.000000
95 120 80.000000 463.000000
96 71 88.000000 439.000000
96 95 82.000000 429.000000
96 97 80.000000 455.000000
96 121 89.000000 511.000000
97 72 93.000000 540.000000
97 96 85.000000 553.000000
97 98 81.000000 504.000000
97 122 99.000000 462.000000
98 73 100.000000 693.000000
98 97 96.000000 459.000000
98 99 80.000000 502.000000
98 123 97.000000 556.000000
99 74 96.000000 737.000000
99 98 91.000000 623.000000
99 100 91.000000 650.000000
99 124 83.000000 412.000000
100 75 96.000000 511.000000
100 99 94.000000 632.000000
100 125 81.000000 576.000000
101 76 98.000000 399.000000
101 102 96.000000 421.000000
101 126 94.000000 726.000000
102 77 88.000000 429.000000
102 101 87.000000 759.000000
102 103 88.000000 484.000000
102 127 87.000000 601.000000
103 78 92.000000 674.000000
103 102 95.000000 661.000000
103 104 93.000000 460.000000
103 128 97.000000 750.000000
104 79 89.000000 702.000000
104 103 89.000000 738.000000
104 105 87.000000 671.000000
104 129 88.000000 590.000000
105 80 82.000000 574.000000
105 104 97.000000 479.000000
105 106 97.000000 533.000000
105 130 82.000000 649.000000
106 81 96.000000 390.000000
106 105 98.000000 421.000000
106 107 88.000000 410.000000
106 131 84.000000 671.000000
107 82 97.000000 430.000000
107 106 94.000000 530.000000
107 108 81.000000 599.000000
107 132 89.000000 500.000000
108 83 84.000000 539.000000
108 107 91.000000 708.000000
108 109 96.000000 664.000000
108 133 82.000000 405.000000
109 84 89.000000 708.000000
109 108 87.000000 403.000000
109 110 96.000000 525.000000
109 134 89.000000 514.000000
110 85 81.000000 533.000000
110 109 97.000000 479.000000
110 111 98.000000 524.000000
110 135 93.000000 416.000000
111 86 87.000000 678.000000
111 110 100.000000 714.000000
111 112 93.000000 665.000000
111 136 80.000000 590.000000
112 87 89.000000 459.000000
112 111 97.000000 482.000000
112 113 80.000000 662.000000
112 137 86.000000 730.000000
113 88 81.000000 649.000000
113 112 80.000000 382.000000
113 114 84.000000 583.000000
113 138 84.000000 625.000000
114 89 96.000000 423.000000
114 113 96.000000 384.000000
114 115 86.000000 530.000000
114 139 97.000000 656.000000
115 90 95.000000 362.000000
115 114 100.000000 646.000000
115 116 88.000000 733.000000
115 140 99.000000 372.000000
116 91 87.000000 411.000000
116 115 94.000000 564.000000
116 117 94.000000 514.000000
116 141 93.000000 617.000000
117 92 88.000000 725.000000
117 116 96.000000 633.000000
117 118 95.000000 684.000000
117 142 94.000000 447.000000
118 93 97.000000 701.000000
118 117 92.000000 656.000000
118 119 82.000000 634.000000
118 143 80.000000 735.000000
119 94 83.000000 507.000000
119 118 80.000000 486.000000
119 120 88.000000 694.000000
119 144 80.000000 487.000000
120 95 81.000000 435.000000
120 119 91.000000 450.000000
120 121 86.000000 597.000000
120 145 93.000000 565.000000
121 96 81.000000 373.000000
121 120 91.000000 426.000000
121 122 83.000000 643.000000
121 146 91.000000 457.000000
122 97 84.000000 725.000000
122 121 95.000000 730.000000
122 123 83.000000 396.000000
122 147 97.000000 373.000000
123 98 89.000000 675.000000
123 122 80.000000 578.000000
123 124 94.000000 703.000000
123 148 85.000000 710.000000
124 99 88.000000 721.000000
124 123 89.000000 479.000000
124 125 88.000000 666.000000
124 149 98.000000 374.000000
125 100 96.000000 589.000000
125 124 80.000000 738.000000
125 150 95.000000 568.000000
126 101 80.000000 394.000000
126 127 80.000000 626.000000
126 151 83.000000 412.000000
127 102 89.000000 379.000000
127 126 97.000000 712.000000
127 128 92.000000 607.000000
127 152 80.000000 494.000000
128 103 98.000000 430.000000
128 127 85.000000 606.000000
128 129 89.000000 455.000000
128 153 95.000000 483.000000
129 104 81.000000 701.000000
129 128 99.000000 594.000000
129 130 85.000000 376.000000
129 154 93.000000 500.000000
130 105 98.000000 505.000000
130 129 94.000000 707.000000
130 131 91.000000 554.000000
130 155 96.000000 523.000000
131 106 86.000000 594.000000
131 130 95.000000 571.000000
131 132 96.000000 683.000000
131 156 95.000000 490.000000
132 107 88.000000 710.000000
132 131 86.000000 573.000000
132 133 89.000000 665.000000
132 157 93.000000 438.000000
133 108 97.000000 563.000000
133 132 95.000000 372.000000
133 134 81.000000 397.000000
133 158 89.000000 451.000000
134 109 98.000000 489.000000
134 133 86.000000 409.000000
134 135 85.000000 734.000000
134 159 95.000000 755.000000
135 110 83.000000 560.000000
135 134 80.000000 690.000000
135 136 94.000000 361.000000
135 160 85.000000 547.000000
136 111 82.000000 392.000000
136 135 82.000000 500.000000
136 137 88.000000 681.000000
136 161 91.000000 713.000000
137 112 96.000000 437.000000
137 136 94.000000 507.000000
137 138 85.000000 625.000000
137 162 83.000000 584.000000
138 113 95.000000 597.000000
138 137 87.000000 524.000000
138 139 83.000000 709.000000
138 163 82.000000 715.000000
139 114 95.000000 545.000000
139 138 91.000000 385.000000
139 140 80.000000 637.000000
139 164 82.000000 632.000000
140 115 87.000000 391.000000
140 139 99.000000 408.000000
140 141 89.000000 573.000000
140 165 91.000000 717.000000
141 116 81.000000 487.000000
141 140 96.000000 494.000000
141 142 84.000000 387.000000
141 166 91.000000 396.000000
142 117 87.000000 594.000000
142 141 97.000000 737.000000
142 143 99.000000 593.000000
142 167 87.000000 580.000000
143 118 92.000000 419.000000
143 142 96.000000 597.000000
143 144 95.000000 489.000000
143 168 82.000000 538.000000
144 119 84.000000 537.000000
144 143 88.000000 709.000000
144 145 97.000000 413.000000
144 169 91.000000 757.000000
145 120 95.000000 503.000000
145 144 93.000000 380.000000
145 146 100.000000 424.000000
145 170 98.000000 743.000000
146 121 91.000000 386.000000
146 145 94.000000 445.000000
146 147 87.000000 722.000000
146 171 92.000000 544.000000
147 122 89.000000 507.000000
147 146 89.000000 539.000000
147 148 84.000000 528.000000
147 172 81.000000 542.000000
148 123 87.000000 423.000000
148 147 88.000000 448.000000
148 149 95.000000 715.000000
148 173 97.000000 677.000000
149 124 87.000000 755.000000
149 148 98.000000 609.000000
149 150 95.000000 532.000000
149 174 82.000000 483.000000
150 125 99.000000 468.000000
150 149 83.000000 608.000000
150 175 100.000000 505.000000
151 126 85.000000 671.000000
151 152 94.000000 433.000000
151 176 95.000000 750.000000
152 127 91.000000 649.000000
152 151 95.000000 449.000000
152 153 99.000000 659.000000
152 177 97.000000 361.000000
153 128 86.000000 490.000000
153 152 96.000000 520.000000
153 154 92.000000 437.000000
153 178 91.000000 677.000000
154 129 83.000000 416.000000
154 153 93.000000 731.000000
154 155 98.000000 376.000000
154 179 83.000000 396.000000
155 130 96.000000 467.000000
155 154 82.000000 740.000000
155 156 83.000000 376.000000
155 180 80.000000 543.000000
156 131 96.000000 481.000000
156 155 88.000000 646.000000
156 157 87.000000 520.000000
156 181 81.000000 716.000000
157 132 94.000000 496.000000
157 156 87.000000 366.000000
157 158 95.000000 523.000000
157 182 97.000000 575.000000
158 133 88.000000 541.000000
158 157 88.000000 708.000000
158 159 87.000000 735.000000
158 183 91.000000 641.000000
159 134 97.000000 710.000000
159 158 97.000000 499.000000
159 160 95.000000 716.000000
159 184 81.000000 655.000000
160 135 83.000000 636.000000
160 159 83.000000 749.000000
160 161 83.000000 392.000000
160 185 98.000000 371.000000
161 136 89.000000 486.000000
161 160 97.000000 594.000000
161 162 95.000000 612.000000
161 186 98.000000 648.000000
162 137 81.000000 581.000000
162 161 97.000000 389.000000
162 163 98.000000 509.000000
162 187 87.000000 488.000000
163 138 83.000000 553.000000
163 162 84.000000 715.000000
163 164 100.000000 486.000000
163 188 85.000000 696.000000
164 139 94.000000 760.000000
164 163 95.000000 656.000000
164 165 96.000000 631.000000
164 189 96.000000 620.000000
165 140 92.000000 460.000000
165 164 98.000000 522.000000
165 166 85.000000 583.000000
165 190 86.000000 638.000000
166 141 99.000000 666.000000
166 165 99.000000 757.000000
166 167 81.000000 654.000000
166 191 80.000000 443.000000
167 142 80.000000 588.000000
167 166 93.000000 622.000000
167 168 99.000000 621.000000
167 192 93.000000 602.000000
168 143 100.000000 383.000000
168 167 91.000000 395.000000
168 169 88.000000 405.000000
168 193 98.000000 643.000000
169 144 97.000000 714.000000
169 168 94.000000 661.000000
169 170 98.000000 641.000000
169 194 85.000000 734.000000
170 145 83.000000 636.000000
170 169 83.000000 446.000000
170 171 80.000000 564.000000
170 195 98.000000 622.000000
171 146 95.000000 727.000000
171 170 95.000000 572.000000
171 172 86.000000 409.000000
171 196 82.000000 482.000000
172 147 93.000000 568.000000
172 171 89.000000 374.000000
172 173 92.000000 546.000000
172 197 95.000000 557.000000
173 148 86.000000 689.000000
173 172 87.000000 567.000000
173 174 82.000000 567.000000
173 198 100.000000 628.000000
174 149 87.000000 490.000000
174 173 89.000000 401.000000
174 175 100.000000 523.000000
174 199 96.000000 605.000000
175 150 89.000000 653.000000
175 174 84.000000 685.000000
175 200 96.000000 738.000000
176 151 88.000000 471.000000
176 177 97.000000 362.000000
176 201 83.000000 431.000000
177 152 93.000000 404.000000
177 176 81.000000 466.000000
177 178 89.000000 624.000000
177 202 83.000000 687.000000
178 153 85.000000 572.000000
178 177 94.000000 560.000000
178 179 95.000000 435.000000
178 203 98.000000 518.000000
179 154 89.000000 557.000000
179 178 96.000000 484.000000
179 180 92.000000 673.000000
179 204 87.000000 700.000000
180 155 87.000000 552.000000
180 179 80.000000 576.000000
180 181 88.000000 444.000000
180 205 81.000000 487.000000
181 156 99.000000 690.000000
181 180 95.000000 710.000000
181 182 96.000000 402.000000
181 206 81.000000 613.000000
182 157 91.000000 543.000000
182 181 89.000000 367.000000
182 183 82.000000 538.000000
182 207 92.000000 702.000000
183 158 81.000000 478.000000
183 182 95.000000 710.000000
183 184 100.000000 560.000000
183 208 91.000000 623.000000
184 159 96.000000 494.000000
184 183 85.000000 529.000000
184 185 82.000000 378.000000
184 209 81.000000 390.000000
185 160 97.000000 734.000000
185 184 81.000000 518.000000
185 186 85.000000 403.000000
185 210 83.000000 529.000000
186 161 85.000000 493.000000
186 185 92.000000 539.000000
186 187 85.000000 372.000000
186 211 83.000000 709.000000
187 162 97.000000 741.000000
187 186 97.000000 749.000000
187 188 91.000000 412.000000
187 212 81.000000 577.000000
188 163 84.000000 562.000000
188 187 84.000000 437.000000
188 189 86.000000 663.000000
188 213 91.000000 570.000000
189 164 95.000000 527.000000
189 188 92.000000 653.000000
189 190 88.000000 755.000000
189 214 85.000000 660.000000
190 165 95.000000 615.000000
190 189 92.000000 462.000000
190 191 91.000000 671.000000
190 215 87.000000 405.000000
191 166 84.000000 491.000000
191 190 88.000000 526.000000
191 192 91.000000 698.000000
191 216 80.000000 656.000000
192 167 97.000000 555.000000
192 191 87.000000 631.000000
192 193 100.000000 379.000000
192 217 80.000000 689.000000
193 168 92.000000 378.000000
193 192 92.000000 465.000000
193 194 80.000000 578.000000
193 218 87.000000 727.000000
194 169 87.000000 528.000000
194 193 95.000000 674.000000
194 195 87.000000 576.000000
194 219 96.000000 409.000000
195 170 94.000000 410.000000
195 194 80.000000 679.000000
195 196 95.000000 706.000000
195 220 92.000000 368.000000
196 171 85.000000 524.000000
196 195 87.000000 715.000000
196 197 99.000000 441.000000
196 221 95.000000 687.000000
197 172 86.000000 558.000000
197 196 91.000000 543.000000
197 198 91.000000 441.000000
197 222 80.000000 594.000000
198 173 87.000000 528.000000
198 197 92.000000 708.000000
198 199 80.000000 487.000000
198 223 99.000000 747.000000
199 174 81.000000 372.000000
199 198 80.000000 408.000000
199 200 83.000000 596.000000
199 224 82.000000 492.000000
200 175 95.000000 422.000000
200 199 98.000000 618.000000
200 225 84.000000 447.000000
201 176 92.000000 636.000000
201 202 89.000000 555.000000
201 226 91.000000 560.000000
202 177 81.000000 409.000000
202 201 94.000000 514.000000
202 203 88.000000 439.000000
202 227 94.000000 552.000000
203 178 86.000000 513.000000
203 202 92.000000 698.000000
203 204 93.000000 691.000000
203 228 100.000000 524.000000
204 179 97.000000 650.000000
204 203 80.000000 523.000000
204 205 84.000000 557.000000
204 229 100.000000 444.000000
205 180 93.000000 728.000000
205 204 92.000000 588.000000
205 206 91.000000 721.000000
205 230 89.000000 727.000000
206 181 80.000000 492.000000
206 205 85.000000 588.000000
206 207 85.000000 461.000000
206 231 91.000000 488.000000
207 182 94.000000 522.000000
207 206 82.000000 649.000000
207 208 97.000000 570.000000
207 232 95.000000 500.000000
208 183 94.000000 520.000000
208 207 83.000000 526.000000
208 209 95.000000 436.000000
208 233 83.000000 720.000000
209 184 84.000000 402.000000
209 208 85.000000 425.000000
209 210 98.000000 722.000000
209 234 94.000000 442.000000
210 185 84.000000 698.000000
210 209 100.000000 606.000000
210 211 93.000000 424.000000
210 235 99.000000 550.000000
211 186 84.000000 590.000000
211 210 83.000000 741.000000
211 212 83.000000 551.000000
211 236 80.000000 722.000000
212 187 87.000000 480.000000
212 211 80.000000 583.000000
212 213 98.000000 421.000000
212 237 82.000000 648.000000
213 188 82.000000 615.000000
213 212 100.000000 511.000000
213 214 83.000000 391.000000
213 238 92.000000 540.000000
214 189 100.000000 678.000000
214 213 84.000000 704.000000
214 215 80.000000 633.000000
214 239 93.000000 371.000000
215 190 88.000000 651.000000
215 214 95.000000 721.000000
215 216 93.000000 568.000000
215 240 96.000000 734.000000
216 191 96.000000 673.000000
216 215 80.000000 644.000000
216 217 91.000000 575.000000
216 241 95.000000 754.000000
217 192 93.000000 602.000000
217 216 94.000000 739.000000
217 218 87.000000 574.000000
217 242 100.000000 740.000000
218 193 95.000000 582.000000
218 217 99.000000 408.000000
218 219 82.000000 721.000000
218 243 96.000000 633.000000
219 194 94.000000 548.000000
219 218 82.000000 591.000000
219 220 94.000000 394.000000
219 244 81.000000 696.000000
220 195 80.000000 366.000000
220 219 100.000000 375.000000
220 221 93.000000 712.000000
220 245 89.000000 737.000000
221 196 92.000000 528.000000
221 220 99.000000 382.000000
221 222 94.000000 383.000000
221 246 97.000000 702.000000
222 197 99.000000 704.000000
222 221 86.000000 491.000000
222 223 86.000000 499.000000
222 247 86.000000 516.000000
223 198 95.000000 483.000000
223 222 99.000000 461.000000
223 224 94.000000 492.000000
223 248 86.000000 427.000000
224 199 91.000000 396.000000
224 223 98.000000 614.000000
224 225 87.000000 452.000000
224 249 87.000000 523.000000
225 200 82.000000 743.000000
225 224 83.000000 745.000000
225 250 98.000000 444.000000
226 201 89.000000 669.000000
226 227 89.000000 735.000000
226 251 80.000000 414.000000
227 202 94.000000 405.000000
227 226 91.000000 750.000000
227 228 81.000000 666.000000
227 252 95.000000 391.000000
228 203 95.000000 462.000000
228 227 93.000000 460.000000
228 229 94.000000 419.000000
228 253 83.000000 414.000000
229 204 97.000000 464.000000
229 228 86.000000 510.000000
229 230 98.000000 630.000000
229 254 84.000000 613.000000
230 205 80.000000 547.000000
230 229 89.000000 524.000000
230 231 99.000000 614.000000
230 255 97.000000 585.000000
231 206 94.000000 753.000000
231 230 99.000000 666.000000
231 232 87.000000 567.000000
231 256 87.000000 653.000000
232 207 80.000000 699.000000
232 231 91.000000 686.000000
232 233 85.000000 566.000000
232 257 94.000000 496.000000
233 208 86.000000 521.000000
233 232 92.000000 621.000000
233 234 81.000000 657.000000
233 258 98.000000 501.000000
234 209 80.000000 499.000000
234 233 82.000000 432.000000
234 235 93.000000 572.000000
234 259 91.000000 603.000000
235 210 91.000000 587.000000
235 234 89.000000 442.000000
235 236 82.000000 563.000000
235 260 95.000000 369.000000
236 211 94.000000 434.000000
236 235 98.000000 612.000000
236 237 87.000000 686.000000
236 261 83.000000 700.000000
237 212 100.000000 747.000000
237 236 95.000000 552.000000
237 238 84.000000 424.000000
237 262 88.000000 505.000000
238 213 86.000000 571.000000
238 237 91.000000 701.000000
238 239 87.000000 389.000000
238 263 91.000000 711.000000
239 214 92.000000 525.000000
239 238 81.000000 555.000000
239 240 91.000000 391.000000
239 264 84.000000 570.000000
240 215 87.000000 589.000000
240 239 94.000000 404.000000
240 241 98.000000 400.000000
240 265 81.000000 635.000000
241 216 81.000000 471.000000
241 240 84.000000 425.000000
241 242 83.000000 716.000000
241 266 86.000000 552.000000
242 217 84.000000 749.000000
242 241 80.000000 420.000000
242 243 85.000000 641.000000
242 267 82.000000 443.000000
243 218 89.000000 415.000000
243 242 81.000000 434.000000
243 244 86.000000 394.000000
243 268 82.000000 440.000000
244 219 82.000000 626.000000
244 243 95.000000 741.000000
244 245 95.000000 751.000000
244 269 97.000000 725.000000
245 220 87.000000 671.000000
245 244 87.000000 636.000000
245 246 91.000000 749.000000
245 270 89.000000 647.000000
246 221 91.000000 382.000000
246 245 96.000000 517.000000
246 247 91.000000 749.000000
246 271 96.000000 479.000000
247 222 87.000000 583.000000
247 246 96.000000 703.000000
247 248 81.000000 376.000000
247 272 100.000000 372.000000
248 223 87.000000 596.000000
248 247 83.000000 662.000000
248 249 83.000000 651.000000
248 273 95.000000 464.000000
249 224 83.000000 430.000000
249 248 88.000000 504.000000
249 250 88.000000 626.000000
249 274 98.000000 728.000000
250 225 92.000000 637.000000
250 249 93.000000 409.000000
250 275 82.000000 631.000000
251 226 89.000000 490.000000
251 252 91.000000 678.000000
251 276 85.000000 640.000000
252 227 95.000000 449.000000
252 251 100.000000 609.000000
252 253 100.000000 392.000000
252 277 91.000000 620.000000
253 228 92.000000 535.000000
253 252 93.000000 664.000000
253 254 85.000000 581.000000
253 278 92.000000 523.000000
254 229 84.000000 581.000000
254 253 94.000000 512.000000
254 255 85.000000 543.000000
254 279 82.000000 645.000000
255 230 100.000000 750.000000
255 254 98.000000 589.000000
255 256 85.000000 532.000000
255 280 87.000000 417.000000
256 231 86.000000 684.000000
256 255 93.000000 705.000000
256 257 83.000000 594.000000
256 281 86.000000 728.000000
257 232 95.000000 409.000000
257 256 88.000000 505.000000
257 258 93.000000 563.000000
257 282 84.000000 612.000000
258 233 82.000000 633.000000
258 257 81.000000 549.000000
258 259 80.000000 645.000000
258 283 83.000000 365.000000
259 234 100.000000 566.000000
259 258 84.000000 385.000000
259 260 92.000000 600.000000
259 284 97.000000 561.000000
260 235 83.000000 760.000000
260 259 81.000000 567.000000
260 261 91.000000 523.000000
260 285 88.000000 612.000000
261 236 87.000000 699.000000
261 260 91.000000 583.000000
261 262 93.000000 462.000000
261 286 94.000000 362.000000
262 237 83.000000 635.000000
262 261 83.000000 466.000000
262 263 100.000000 654.000000
262 287 80.000000 743.000000
263 238 93.000000 585.000000
263 262 86.000000 427.000000
263 264 100.000000 416.000000
263 288 97.000000 592.000000
264 239 100.000000 414.000000
264 263 97.000000 706.000000
264 265 89.000000 692.000000
264 289 88.000000 459.000000
265 240 88.000000 703.000000
265 264 91.000000 365.000000
265 266 92.000000 672.000000
265 290 100.000000 490.000000
266 241 85.000000 721.000000
266 265 97.000000 422.000000
266 267 94.000000 694.000000
266 291 85.000000 442.000000
267 242 88.000000 409.000000
267 266 80.000000 460.000000
267 268 97.000000 641.000000
267 292 81.000000 486.000000
268 243 100.000000 693.000000
268 267 92.000000 491.000000
268 269 86.000000 449.000000
268 293 89.000000 467.000000
269 244 89.000000 640.000000
269 268 96.000000 434.000000
269 270 92.000000 735.000000
269 294 82.000000 687.000000
270 245 82.000000 562.000000
270 269 98.000000 557.000000
270 271 83.000000 554.000000
270 295 81.000000 659.000000
271 246 85.000000 386.000000
271 270 91.000000 468.000000
271 272 93.000000 715.000000
271 296 84.000000 511.000000
272 247 93.000000 401.000000
272 271 80.000000 396.000000
272 273 100.000000 438.000000
272 297 81.000000 697.000000
273 248 80.000000 499.000000
273 272 93.000000 741.000000
273 274 86.000000 597.000000
273 298 83.000000 668.000000
274 249 81.000000 610.000000
274 273 89.000000 441.000000
274 275 86.000000 540.000000
274 299 91.000000 579.000000
275 250 86.000000 460.000000
275 274 82.000000 531.000000
275 300 88.000000 502.000000
276 251 87.000000 691.000000
276 277 80.000000 553.000000
276 301 84.000000 649.000000
277 252 95.000000 637.000000
277 276 98.000000 522.000000
277 278 97.000000 491.000000
277 302 94.000000 456.000000
278 253 97.000000 657.000000
278 277 80.000000 422.000000
278 279 82.000000 551.000000
278 303 91.000000 524.000000
279 254 96.000000 719.000000
279 278 80.000000 425.000000
279 280 86.000000 621.000000
279 304 84.000000 671.000000
280 255 93.000000 747.000000
280 279 100.000000 644.000000
280 281 100.000000 420.000000
280 305 88.000000 685.000000
281 256 98.000000 417.000000
281 280 82.000000 475.000000
281 282 87.000000 699.000000
281 306 98.000000 616.000000
282 257 88.000000 616.000000
282 281 80.000000 463.000000
282 283 93.000000 557.000000
282 307 91.000000 388.000000
283 258 82.000000 577.000000
283 282 91.000000 505.000000
283 284 81.000000 557.000000
283 308 81.000000 704.000000
284 259 99.000000 720.000000
284 283 100.000000 640.000000
284 285 89.000000 383.000000
284 309 83.000000 594.000000
285 260 86.000000 589.000000
285 284 91.000000 501.000000
285 286 96.000000 725.000000
285 310 81.000000 376.000000
286 261 81.000000 726.000000
286 285 93.000000 478.000000
286 287 92.000000 530.000000
286 311 83.000000 593.000000
287 262 86.000000 663.000000
287 286 98.000000 664.000000
287 288 98.000000 498.000000
287 312 93.000000 487.000000
288 263 89.000000 668.000000
288 287 92.000000 648.000000
288 289 91.000000 380.000000
288 313 80.000000 571.000000
289 264 85.000000 653.000000
289 288 100.000000 609.000000
289 290 87.000000 545.000000
289 314 94.000000 460.000000
290 265 87.000000 644.000000
290 289 98.000000 379.000000
290 291 85.000000 557.000000
290 315 94.000000 532.000000
291 266 94.000000 639.000000
291 290 85.000000 534.000000
291 292 80.000000 475.000000
291 316 97.000000 572.000000
292 267 100.000000 668.000000
292 291 87.000000 585.000000
292 293 100.000000 361.000000
292 317 87.000000 367.000000
293 268 94.000000 449.000000
293 292 93.000000 717.000000
293 294 92.000000 552.000000
293 318 83.000000 608.000000
294 269 91.000000 676.000000
294 293 80.000000 552.000000
294 295 87.000000 561.000000
294 319 83.000000 676.000000
295 270 99.000000 535.000000
295 294 91.000000 584.000000
295 296 94.000000 760.000000
295 320 100.000000 452.000000
296 271 94.000000 671.000000
296 295 96.000000 568.000000
296 297 89.000000 732.000000
296 321 96.000000 738.000000
297 272 88.000000 606.000000
297 296 88.000000 507.000000
297 298 98.000000 414.000000
297 322 93.000000 631.000000
298 273 97.000000 632.000000
298 297 98.000000 508.000000
298 299 100.000000 745.000000
298 323 91.000000 429.000000
299 274 98.000000 395.000000
299 298 87.000000 369.000000
299 300 100.000000 726.000000
299 324 82.000000 415.000000
300 275 86.000000 559.000000
300 299 98.000000 364.000000
300 325 92.000000 407.000000
301 276 84.000000 496.000000
301 302 88.000000 594.000000
301 326 96.000000 470.000000
302 277 80.000000 718.000000
302 301 100.000000 656.000000
302 303 80.000000 676.000000
302 327 86.000000 731.000000
303 278 84.000000 448.000000
303 302 91.000000 374.000000
303 304 96.000000 725.000000
303 328 84.000000 382.000000
304 279 88.000000 488.000000
304 303 91.000000 590.000000
304 305 80.000000 587.000000
304 329 89.000000 437.000000
305 280 94.000000 460.000000
305 304 94.000000 759.000000
305 306 98.000000 372.000000
305 330 80.000000 561.000000
306 281 89.000000 623.000000
306 305 88.000000 577.000000
306 307 82.000000 572.000000
306 331 94.000000 529.000000
307 282 96.000000 590.000000
307 306 97.000000 525.000000
307 308 95.000000 551.000000
307 332 99.000000 702.000000
308 283 85.000000 561.000000
308 307 97.000000 400.000000
308 309 80.000000 641.000000
308 333 86.000000 603.000000
309 284 83.000000 574.000000
309 308 96.000000 398.000000
309 310 81.000000 441.000000
309 334 99.000000 447.000000
310 285 83.000000 708.000000
310 309 94.000000 708.000000
310 311 84.000000 537.000000
310 335 95.000000 687.000000
311 286 94.000000 528.000000
311 310 89.000000 575.000000
311 312 98.000000 659.000000
311 336 81.000000 443.000000
312 287 87.000000 702.000000
312 311 92.000000 411.000000
312 313 88.000000 683.000000
312 337 85.000000 675.000000
313 288 97.000000 689.000000
313 312 85.000000 693.000000
313 314 98.000000 688.000000
313 338 84.000000 553.000000
314 289 80.000000 624.000000
314 313 89.000000 429.000000
314 315 92.000000 490.000000
314 339 83.000000 510.000000
315 290 89.000000 500.000000
315 314 93.000000 550.000000
315 316 84.000000 453.000000
315 340 97.000000 409.000000
316 291 89.000000 366.000000
316 315 100.000000 583.000000
316 317 87.000000 402.000000
316 341 100.000000 716.000000
317 292 92.000000 654.000000
317 316 85.000000 377.000000
317 318 84.000000 444.000000
317 342 98.000000 721.000000
318 293 100.000000 743.000000
318 317 88.000000 441.000000
318 319 87.000000 503.000000
318 343 91.000000 481.000000
319 294 82.000000 479.000000
319 318 84.000000 655.000000
319 320 84.000000 399.000000
319 344 80.000000 538.000000
320 295 97.000000 756.000000
320 319 97.000000 516.000000
320 321 95.000000 465.000000
320 345 99.000000 489.000000
321 296 84.000000 679.000000
321 320 95.000000 688.000000
321 322 99.000000 527.000000
321 346 100.000000 452.000000
322 297 94.000000 609.000000
322 321 82.000000 609.000000
322 323 91.000000 451.000000
322 347 86.000000 505.000000
323 298 97.000000 621.000000
323 322 87.000000 725.000000
323 324 86.000000 482.000000
323 348 83.000000 556.000000
324 299 94.000000 469.000000
324 323 100.000000 506.000000
324 325 100.000000 566.000000
324 349 80.000000 505.000000
325 300 98.000000 578.000000
325 324 80.000000 423.000000
325 350 93.000000 495.000000
326 301 84.000000 757.000000
326 327 82.000000 584.000000
326 351 96.000000 620.000000
327 302 99.000000 460.000000
327 326 95.000000 561.000000
327 328 92.000000 515.000000
327 352 84.000000 476.000000
328 303 92.000000 647.000000
328 327 83.000000 626.000000
328 329 97.000000 746.000000
328 353 91.000000 590.000000
329 304 99.000000 677.000000
329 328 98.000000 674.000000
329 330 81.000000 628.000000
329 354 93.000000 580.000000
330 305 94.000000 698.000000
330 329 81.000000 412.000000
330 331 80.000000 705.000000
330 355 100.000000 626.000000
331 306 97.000000 558.000000
331 330 92.000000 555.000000
331 332 100.000000 435.000000
331 356 98.000000 555.000000
332 307 82.000000 458.000000
332 331 84.000000 396.000000
332 333 92.000000 730.000000
332 357 93.000000 400.000000
333 308 93.000000 695.000000
333 332 82.000000 558.000000
333 334 94.000000 413.000000
333 358 87.000000 615.000000
334 309 82.000000 723.000000
334 333 92.000000 603.000000
334 335 81.000000 727.000000
334 359 89.000000 697.000000
335 310 93.000000 728.000000
335 334 100.000000 564.000000
335 336 84.000000 588.000000
335 360 80.000000 388.000000
336 311 85.000000 741.000000
336 335 82.000000 453.000000
336 337 97.000000 703.000000
336 361 98.000000 608.000000
337 312 84.000000 498.000000
337 336 84.000000 414.000000
337 338 86.000000 474.000000
337 362 93.000000 689.000000
338 313 95.000000 649.000000
338 337 95.000000 377.000000
338 339 99.000000 578.000000
338 363 97.000000 674.000000
339 314 99.000000 551.000000
339 338 88.000000 690.000000
339 340 96.000000 363.000000
339 364 89.000000 435.000000
340 315 95.000000 439.000000
340 339 81.000000 569.000000
340 341 94.000000 549.000000
340 365 92.000000 382.000000
341 316 84.000000 388.000000
341 340 91.000000 651.000000
341 342 95.000000 363.000000
341 366 92.000000 719.000000
342 317 82.000000 693.000000
342 341 96.000000 496.000000
342 343 95.000000 407.000000
342 367 81.000000 412.000000
343 318 99.000000 465.000000
343 342 87.000000 511.000000
343 344 97.000000 386.000000
343 368 100.000000 431.000000
344 319 91.000000 657.000000
344 343 86.000000 754.000000
344 345 80.000000 596.000000
344 369 91.000000 430.000000
345 320 87.000000 747.000000
345 344 93.000000 477.000000
345 346 92.000000 689.000000
345 370 85.000000 626.000000
346 321 94.000000 465.000000
346 345 91.000000 480.000000
346 347 80.000000 632.000000
346 371 96.000000 437.000000
347 322 83.000000 607.000000
347 346 83.000000 528.000000
347 348 86.000000 563.000000
347 372 93.000000 446.000000
348 323 93.000000 718.000000
348 347 96.000000 704.000000
348 349 81.000000 466.000000
348 373 91.000000 457.000000
349 324 96.000000 482.000000
349 348 98.000000 549.000000
349 350 81.000000 371.000000
349 374 83.000000 589.000000
350 325 97.000000 612.000000
350 349 80.000000 462.000000
350 375 95.000000 395.000000
351 326 92.000000 591.000000
351 352 96.000000 468.000000
351 376 92.000000 415.000000
352 327 99.000000 536.000000
352 351 91.000000 729.000000
352 353 84.000000 609.000000
352 377 97.000000 450.000000
353 328 91.000000 730.000000
353 352 84.000000 607.000000
353 354 99.000000 679.000000
353 378 97.000000 422.000000
354 329 91.000000 685.000000
354 353 92.000000 489.000000
354 355 82.000000 470.000000
354 379 86.000000 637.000000
355 330 96.000000 407.000000
355 354 87.000000 686.000000
355 356 86.000000 541.000000
355 380 99.000000 471.000000
356 331 81.000000 530.000000
356 355 85.000000 759.000000
356 357 96.000000 629.000000
356 381 97.000000 614.000000
357 332 97.000000 554.000000
357 356 87.000000 518.000000
357 358 95.000000 651.000000
357 382 100.000000 402.000000
358 333 93.000000 516.000000
358 357 96.000000 566.000000
358 359 82.000000 518.000000
358 383 98.000000 712.000000
359 334 91.000000 601.000000
359 358 92.000000 749.000000
359 360 86.000000 371.000000
359 384 83.000000 672.000000
360 335 100.000000 603.000000
360 359 94.000000 695.000000
360 361 85.000000 646.000000
360 385 93.000000 651.000000
361 336 97.000000 550.000000
361 360 86.000000 373.000000
361 362 83.000000 388.000000
361 386 88.000000 593.000000
362 337 95.000000 409.000000
362 361 87.000000 462.000000
362 363 96.000000 424.000000
362 387 80.000000 555.000000
363 338 81.000000 582.000000
363 362 96.000000 479.000000
363 364 100.000000 606.000000
363 388 97.000000 513.000000
364 339 93.000000 697.000000
364 363 98.000000 429.000000
364 365 82.000000 541.000000
364 389 98.000000 704.000000
365 340 89.000000 426.000000
365 364 92.000000 746.000000
365 366 82.000000 607.000000
365 390 89.000000 749.000000
366 341 81.000000 616.000000
366 365 83.000000 678.000000
366 367 86.000000 693.000000
366 391 82.000000 446.000000
367 342 82.000000 473.000000
367 366 88.000000 689.000000
367 368 97.000000 645.000000
367 392 92.000000 468.000000
368 343 86.000000 688.000000
368 367 84.000000 631.000000
368 369 99.000000 658.000000
368 393 96.000000 652.000000
369 344 94.000000 637.000000
369 368 98.000000 454.000000
369 370 93.000000 403.000000
369 394 92.000000 523.000000
370 345 94.000000 749.000000
370 369 92.000000 418.000000
370 371 86.000000 723.000000
370 395 88.000000 527.000000
371 346 92.000000 571.000000
371 370 89.000000 362.000000
371 372 85.000000 691.000000
371 396 81.000000 633.000000
372 347 95.000000 435.000000
372 371 87.000000 601.000000
372 373 100.000000 660.000000
372 397 92.000000 363.000000
373 348 87.000000 433.000000
373 372 80.000000 407.000000
373 374 92.000000 499.000000
373 398 96.000000 517.000000
374 349 85.000000 626.000000
374 373 99.000000 642.000000
374 375 86.000000 452.000000
374 399 96.000000 651.000000
375 350 99.000000 594.000000
375 374 89.000000 499.000000
375 400 93.000000 599.000000
376 351 91.000000 577.000000
376 377 87.000000 631.000000
376 401 96.000000 523.000000
377 352 91.000000 371.000000
377 376 100.000000 739.000000
377 378 100.000000 710.000000
377 402 92.000000 660.000000
378 353 98.000000 494.000000
378 377 87.000000 532.000000
378 379 85.000000 727.000000
378 403 95.000000 716.000000
379 354 95.000000 404.000000
379 378 81.000000 634.000000
379 380 100.000000 529.000000
379 404 95.000000 369.000000
380 355 88.000000 725.000000
380 379 84.000000 397.000000
380 381 84.000000 451.000000
380 405 100.000000 507.000000
381 356 87.000000 631.000000
381 380 80.000000 369.000000
381 382 95.000000 461.000000
381 406 99.000000 658.000000
382 357 89.000000 515.000000
382 381 93.000000 619.000000
382 383 85.000000 638.000000
382 407 81.000000 661.000000
383 358 83.000000 548.000000
383 382 96.000000 503.000000
383 384 97.000000 687.000000
383 408 88.000000 557.000000
384 359 86.000000 378.000000
384 383 91.000000 560.000000
384 385 92.000000 407.000000
384 409 89.000000 447.000000
385 360 99.000000 547.000000
385 384 87.000000 581.000000
385 386 94.000000 425.000000
385 410 83.000000 690.000000
386 361 95.000000 466.000000
386 385 84.000000 527.000000
386 387 97.000000 705.000000
386 411 96.000000 604.000000
387 362 94.000000 740.000000
387 386 81.000000 746.000000
387 388 82.000000 547.000000
387 412 87.000000 419.000000
388 363 92.000000 671.000000
388 387 91.000000 560.000000
388 389 82.000000 391.000000
388 413 81.000000 666.000000
389 364 85.000000 738.000000
389 388 82.000000 488.000000
389 390 93.000000 737.000000
389 414 93.000000 540.000000
390 365 97.000000 478.000000
390 389 88.000000 757.000000
390 391 83.000000 481.000000
390 415 94.000000 627.000000
391 366 100.000000 375.000000
391 390 98.000000 563.000000
391 392 91.000000 410.000000
391 416 84.000000 728.000000
392 367 86.000000 567.000000
392 391 89.000000 364.000000
392 393 86.000000 531.000000
392 417 80.000000 567.000000
393 368 91.000000 588.000000
393 392 100.000000 440.000000
393 394 96.000000 576.000000
393 418 84.000000 532.000000
394 369 89.000000 561.000000
394 393 100.000000 404.000000
394 395 100.000000 381.000000
394 419 88.000000 617.000000
395 370 100.000000 440.000000
395 394 95.000000 517.000000
395 396 93.000000 651.000000
395 420 92.000000 723.000000
396 371 93.000000 532.000000
396 395 80.000000 663.000000
396 397 85.000000 438.000000
396 421 80.000000 484.000000
397 372 86.000000 698.000000
397 396 92.000000 673.000000
397 398 91.000000 622.000000
397 422 92.000000 584.000000
398 373 91.000000 650.000000
398 397 84.000000 619.000000
398 399 98.000000 524.000000
398 423 87.000000 518.000000
399 374 98.000000 760.000000
399 398 100.000000 381.000000
399 400 95.000000 562.000000
399 424 93.000000 363.000000
400 375 80.000000 586.000000
400 399 86.000000 725.000000
400 425 98.000000 456.000000
401 376 83.000000 732.000000
401 402 86.000000 532.000000
401 426 95.000000 361.000000
402 377 97.000000 695.000000
402 401 80.000000 458.000000
402 403 85.000000 660.000000
402 427 81.000000 446.000000
403 378 97.000000 391.000000
403 402 86.000000 577.000000
403 404 87.000000 452.000000
403 428 99.000000 591.000000
404 379 91.000000 408.000000
404 403 84.000000 574.000000
404 405 88.000000 749.000000
404 429 80.000000 637.000000
405 380 82.000000 512.000000
405 404 88.000000 656.000000
405 406 86.000000 470.000000
405 430 86.000000 663.000000
406 381 96.000000 616.000000
406 405 82.000000 408.000000
406 407 87.000000 531.000000
406 431 99.000000 681.000000
407 382 100.000000 470.000000
407 406 80.000000 399.000000
407 408 96.000000 371.000000
407 432 82.000000 494.000000
408 383 98.000000 676.000000
408 407 88.000000 701.000000
408 409 96.000000 694.000000
408 433 87.000000 366.000000
409 384 83.000000 569.000000
409 408 91.000000 481.000000
409 410 93.000000 655.000000
409 434 100.000000 578.000000
410 385 97.000000 650.000000
410 409 100.000000 631.000000
410 411 89.000000 682.000000
410 435 82.000000 521.000000
411 386 83.000000 708.000000
411 410 80.000000 394.000000
411 412 87.000000 362.000000
411 436 100.000000 599.000000
412 387 80.000000 522.000000
412 411 91.000000 757.000000
412 413 97.000000 598.000000
412 437 91.000000 398.000000
413 388 96.000000 671.000000
413 412 94.000000 364.000000
413 414 91.000000 648.000000
413 438 88.000000 387.000000
414 389 85.000000 759.000000
414 413 92.000000 717.000000
414 415 80.000000 458.000000
414 439 97.000000 608.000000
415 390 80.000000 562.000000
415 414 95.000000 426.000000
415 416 84.000000 511.000000
415 440 93.000000 427.000000
416 391 82.000000 625.000000
416 415 95.000000 471.000000
416 417 95.000000 388.000000
416 441 87.000000 398.000000
417 392 93.000000 598.000000
417 416 97.000000 640.000000
417 418 100.000000 671.000000
417 442 100.000000 713.000000
418 393 80.000000 648.000000
418 417 82.000000 699.000000
418 419 83.000000 582.000000
418 443 84.000000 487.000000
419 394 83.000000 645.000000
419 418 89.000000 465.000000
419 420 95.000000 392.000000
419 444 93.000000 760.000000
420 395 100.000000 433.000000
420 419 100.000000 742.000000
420 421 80.000000 595.000000
420 445 94.000000 651.000000
421 396 100.000000 711.000000
421 420 84.000000 476.000000
421 422 96.000000 463.000000
421 446 87.000000 760.000000
422 397 95.000000 623.000000
422 421 96.000000 503.000000
422 423 100.000000 404.000000
422 447 81.000000 451.000000
423 398 91.000000 380.000000
423 422 80.000000 438.000000
423 424 98.000000 721.000000
423 448 94.000000 692.000000
424 399 95.000000 617.000000
424 423 80.000000 686.000000
424 425 84.000000 402.000000
424 449 94.000000 719.000000
425 400 89.000000 406.000000
425 424 93.000000 521.000000
425 450 98.000000 529.000000
426 401 88.000000 574.000000
426 427 80.000000 433.000000
426 451 86.000000 598.000000
427 402 87.000000 752.000000
427 426 92.000000 591.000000
427 428 84.000000 449.000000
427 452 88.000000 475.000000
428 403 86.000000 603.000000
428 427 91.000000 679.000000
428 429 80.000000 719.000000
428 453 100.000000 688.000000
429 404 94.000000 492.000000
429 428 85.000000 487.000000
429 430 91.000000 564.000000
429 454 94.000000 751.000000
430 405 80.000000 587.000000
430 429 89.000000 485.000000
430 431 96.000000 523.000000
430 455 81.000000 646.000000
431 406 94.000000 382.000000
431 430 84.000000 648.000000
431 432 88.000000 441.000000
431 456 95.000000 364.000000
432 407 92.000000 382.000000
432 431 81.000000 389.000000
432 433 98.000000 401.000000
432 457 83.000000 649.000000
433 408 91.000000 705.000000
433 432 94.000000 415.000000
433 434 93.000000 396.000000
433 458 92.000000 724.000000
434 409 95.000000 420.000000
434 433 82.000000 560.000000
434 435 99.000000 485.000000
434 459 99.000000 553.000000
435 410 93.000000 424.000000
435 434 98.000000 663.000000
435 436 87.000000 506.000000
435 460 95.000000 597.000000
436 411 94.000000 492.000000
436 435 85.000000 550.000000
436 437 93.000000 696.000000
436 461 93.000000 640.000000
437 412 100.000000 480.000000
437 436 100.000000 586.000000
437 438 86.000000 701.000000
437 462 82.000000 631.000000
438 413 93.000000 725.000000
438 437 84.000000 452.000000
438 439 98.000000 707.000000
438 463 92.000000 715.000000
439 414 100.000000 440.000000
439 438 91.000000 426.000000
439 440 80.000000 600.000000
439 464 92.000000 622.000000
440 415 95.000000 708.000000
440 439 100.000000 405.000000
440 441 89.000000 459.000000
440 465 94.000000 749.000000
441 416 85.000000 508.000000
441 440 84.000000 558.000000
441 442 82.000000 707.000000
441 466 93.000000 739.000000
442 417 92.000000 367.000000
442 441 84.000000 453.000000
442 443 95.000000 424.000000
442 467 87.000000 675.000000
443 418 86.000000 466.000000
443 442 98.000000 524.000000
443 444 92.000000 540.000000
443 468 95.000000 691.000000
444 419 96.000000 595.000000
444 443 88.000000 755.000000
444 445 82.000000 417.000000
444 469 94.000000 532.000000
445 420 81.000000 384.000000
445 444 96.000000 414.000000
445 446 98.000000 529.000000
445 470 95.000000 448.000000
446 421 88.000000 423.000000
446 445 84.000000 539.000000
446 447 91.000000 564.000000
446 471 96.000000 565.000000
447 422 96.000000 667.000000
447 446 81.000000 598.000000
447 448 96.000000 450.000000
447 472 81.000000 513.000000
448 423 86.000000 755.000000
448 447 100.000000 614.000000
448 449 94.000000 415.000000
448 473 89.000000 463.000000
449 424 83.000000 656.000000
449 448 84.000000 610.000000
449 450 99.000000 415.000000
449 474 83.000000 539.000000
450 425 85.000000 636.000000
450 449 87.000000 625.000000
450 475 93.000000 606.000000
451 426 95.000000 562.000000
451 452 97.000000 583.000000
451 476 99.000000 383.000000
452 427 80.000000 412.000000
452 451 88.000000 703.000000
452 453 88.000000 483.000000
452 477 85.000000 660.000000
453 428 100.000000 673.000000
453 452 96.000000 585.000000
453 454 84.000000 471.000000
453 478 85.000000 627.000000
454 429 87.000000 395.000000
454 453 86.000000 622.000000
454 455 94.000000 663.000000
454 479 96.000000 411.000000
455 430 82.000000 620.000000
455 454 99.000000 737.000000
455 456 85.000000 385.000000
455 480 99.000000 366.000000
456 431 85.000000 519.000000
456 455 98.000000 630.000000
456 457 93.000000 614.000000
456 481 85.000000 680.000000
457 432 92.000000 628.000000
457 456 84.000000 756.000000
457 458 99.000000 433.000000
457 482 99.000000 419.000000
458 433 96.000000 734.000000
458 457 87.000000 589.000000
458 459 98.000000 526.000000
458 483 93.000000 436.000000
459 434 91.000000 525.000000
459 458 96.000000 503.000000
459 460 83.000000 518.000000
459 484 99.000000 432.000000
460 435 94.000000 520.000000
460 459 100.000000 669.000000
460 461 99.000000 369.000000
460 485 82.000000 623.000000
461 436 91.000000 592.000000
461 460 92.000000 506.000000
461 462 89.000000 643.000000
461 486 100.000000 665.000000
462 437 99.000000 380.000000
462 461 99.000000 460.000000
462 463 87.000000 663.000000
462 487 98.000000 722.000000
463 438 100.000000 535.000000
463 462 89.000000 463.000000
463 464 88.000000 557.000000
463 488 100.000000 518.000000
464 439 93.000000 675.000000
464 463 83.000000 450.000000
464 465 86.000000 613.000000
464 489 91.000000 451.000000
465 440 82.000000 595.000000
465 464 96.000000 480.000000
465 466 84.000000 759.000000
465 490 84.000000 619.000000
466 441 96.000000 616.000000
466 465 88.000000 638.000000
466 467 97.000000 377.000000
466 491 97.000000 631.000000
467 442 96.000000 412.000000
467 466 86.000000 669.000000
467 468 80.000000 452.000000
467 492 80.000000 457.000000
468 443 95.000000 601.000000
468 467 81.000000 710.000000
468 469 95.000000 699.000000
468 493 82.000000 387.000000
469 444 83.000000 440.000000
469 468 95.000000 692.000000
469 470 95.000000 440.000000
469 494 85.000000 759.000000
470 445 83.000000 707.000000
470 469 100.000000 556.000000
470 471 91.000000 683.000000
470 495 88.000000 711.000000
471 446 92.000000 711.000000
471 470 89.000000 460.000000
471 472 97.000000 582.000000
471 496 93.000000 631.000000
472 447 98.000000 524.000000
472 471 97.000000 741.000000
472 473 89.000000 519.000000
472 497 91.000000 365.000000
473 448 83.000000 550.000000
473 472 80.000000 374.000000
473 474 82.000000 595.000000
473 498 96.000000 636.000000
474 449 80.000000 751.000000
474 473 92.000000 526.000000
474 475 87.000000 363.000000
474 499 93.000000 545.000000
475 450 98.000000 436.000000
475 474 98.000000 723.000000
475 500 99.000000 603.000000
476 451 87.000000 625.000000
476 477 81.000000 528.000000
476 501 86.000000 638.000000
477 452 84.000000 558.000000
477 476 88.000000 683.000000
477 478 87.000000 420.000000
477 502 82.000000 626.000000
478 453 85.000000 639.000000
478 477 98.000000 725.000000
478 479 89.000000 531.000000
478 503 88.000000 391.000000
479 454 88.000000 415.000000
479 478 94.000000 606.000000
479 480 98.000000 685.000000
479 504 98.000000 533.000000
480 455 88.000000 698.000000
480 479 88.000000 669.000000
480 481 94.000000 607.000000
480 505 85.000000 755.000000
481 456 89.000000 737.000000
481 480 95.000000 647.000000
481 482 96.000000 665.000000
481 506 86.000000 666.000000
482 457 98.000000 536.000000
482 481 86.000000 678.000000
482 483 95.000000 364.000000
482 507 88.000000 576.000000
483 458 98.000000 499.000000
483 482 95.000000 500.000000
483 484 83.000000 704.000000
483 508 96.000000 613.000000
484 459 82.000000 426.000000
484 483 85.000000 695.000000
484 485 81.000000 712.000000
484 509 93.000000 749.000000
485 460 95.000000 470.000000
485 484 93.000000 428.000000
485 486 96.000000 672.000000
485 510 92.000000 479.000000
486 461 80.000000 455.000000
486 485 99.000000 368.000000
486 487 91.000000 749.000000
486 511 92.000000 735.000000
487 462 86.000000 592.000000
487 486 99.000000 423.000000
487 488 95.000000 732.000000
487 512 100.000000 375.000000
488 463 85.000000 377.000000
488 487 95.000000 582.000000
488 489 87.000000 404.000000
488 513 92.000000 633.000000
489 464 86.000000 708.000000
489 488 98.000000 508.000000
489 490 92.000000 650.000000
489 514 84.000000 669.000000
490 465 80.000000 416.000000
490 489 95.000000 544.000000
490 491 97.000000 420.000000
490 515 100.000000 402.000000
491 466 81.000000 635.000000
491 490 96.000000 605.000000
491 492 87.000000 459.000000
491 516 98.000000 577.000000
492 467 86.000000 615.000000
492 491 92.000000 411.000000
492 493 96.000000 501.000000
492 517 99.000000 628.000000
493 468 95.000000 394.000000
493 492 92.000000 730.000000
493 494 87.000000 476.000000
493 518 89.000000 709.000000
494 469 91.000000 741.000000
494 493 98.000000 679.000000
494 495 85.000000 394.000000
494 519 85.000000 444.000000
495 470 96.000000 584.000000
495 494 83.000000 364.000000
495 496 97.000000 665.000000
495 520 85.000000 367.000000
496 471 85.000000 733.000000
496 495 99.000000 710.000000
496 497 88.000000 732.000000
496 521 86.000000 606.000000
497 472 97.000000 510.000000
497 496 84.000000 549.000000
497 498 92.000000 551.000000
497 522 92.000000 387.000000
498 473 86.000000 505.000000
498 497 96.000000 420.000000
498 499 87.000000 422.000000
498 523 97.000000 506.000000
499 474 95.000000 460.000000
499 498 83.000000 755.000000
499 500 100.000000 482.000000
499 524 80.000000 737.000000
500 475 100.000000 700.000000
500 499 95.000000 707.000000
500 525 88.000000 582.000000
501 476 91.000000 747.000000
501 502 82.000000 528.000000
501 526 84.000000 482.000000
502 477 93.000000 646.000000
502 501 94.000000 461.000000
502 503 96.000000 386.000000
502 527 91.000000 638.000000
503 478 86.000000 636.000000
503 502 82.000000 463.000000
503 504 85.000000 398.000000
503 528 96.000000 420.000000
504 479 87.000000 634.000000
504 503 89.000000 374.000000
504 505 85.000000 514.000000
504 529 85.000000 579.000000
505 480 87.000000 547.000000
505 504 92.000000 587.000000
505 506 87.000000 461.000000
505 530 81.000000 757.000000
506 481 96.000000 754.000000
506 505 100.000000 508.000000
506 507 87.000000 713.000000
506 531 98.000000 479.000000
507 482 80.000000 407.000000
507 506 97.000000 673.000000
507 508 88.000000 699.000000
507 532 87.000000 636.000000
508 483 81.000000 693.000000
508 507 91.000000 706.000000
508 509 99.000000 649.000000
508 533 95.000000 503.000000
509 484 80.000000 579.000000
509 508 92.000000 467.000000
509 510 88.000000 509.000000
509 534 80.000000 364.000000
510 485 85.000000 737.000000
510 509 94.000000 370.000000
510 511 87.000000 719.000000
510 535 93.000000 412.000000
511 486 99.000000 384.000000
511 510 85.000000 624.000000
511 512 96.000000 678.000000
511 536 89.000000 369.000000
512 487 89.000000 727.000000
512 511 85.000000 554.000000
512 513 91.000000 507.000000
512 537 84.000000 503.000000
513 488 96.000000 540.000000
513 512 81.000000 582.000000
513 514 82.000000 714.000000
513 538 96.000000 506.000000
514 489 93.000000 379.000000
514 513 95.000000 409.000000
514 515 86.000000 586.000000
514 539 87.000000 482.000000
515 490 81.000000 552.000000
515 514 91.000000 381.000000
515 516 95.000000 716.000000
515 540 82.000000 519.000000
516 491 85.000000 548.000000
516 515 82.000000 382.000000
516 517 88.000000 467.000000
516 541 95.000000 705.000000
517 492 96.000000 651.000000
517 516 99.000000 434.000000
517 518 85.000000 607.000000
517 542 96.000000 445.000000
518 493 99.000000 638.000000
518 517 92.000000 556.000000
518 519 97.000000 703.000000
518 543 91.000000 556.000000
519 494 88.000000 681.000000
519 518 92.000000 445.000000
519 520 88.000000 707.000000
519 544 84.000000 575.000000
520 495 100.000000 568.000000
520 519 85.000000 548.000000
520 521 86.000000 737.000000
520 545 83.000000 382.000000
521 496 95.000000 741.000000
521 520 82.000000 681.000000
521 522 87.000000 460.000000
521 546 87.000000 558.000000
522 497 94.000000 488.000000
522 521 92.000000 556.000000
522 523 96.000000 508.000000
522 547 95.000000 576.000000
523 498 82.000000 372.000000
523 522 87.000000 392.000000
523 524 85.000000 512.000000
523 548 94.000000 463.000000
524 499 92.000000 641.000000
524 523 83.000000 752.000000
524 525 82.000000 599.000000
524 549 87.000000 608.000000
525 500 92.000000 698.000000
525 524 86.000000 584.000000
525 550 93.000000 534.000000
526 501 87.000000 582.000000
526 527 97.000000 577.000000
526 551 97.000000 627.000000
527 502 88.000000 542.000000
527 526 98.000000 410.000000
527 528 85.000000 712.000000
527 552 88.000000 733.000000
528 503 84.000000 404.000000
528 527 80.000000 393.000000
528 529 80.000000 520.000000
528 553 98.000000 687.000000
529 504 83.000000 465.000000
529 528 85.000000 506.000000
529 530 80.000000 518.000000
529 554 91.000000 662.000000
530 505 82.000000 730.000000
530 529 91.000000 664.000000
530 531 100.000000 475.000000
530 555 82.000000 500.000000
531 506 88.000000 499.000000
531 530 89.000000 498.000000
531 532 91.000000 719.000000
531 556 86.000000 757.000000
532 507 95.000000 725.000000
532 531 100.000000 714.000000
532 533 84.000000 702.000000
532 557 96.000000 689.000000
533 508 86.000000 724.000000
533 532 95.000000 697.000000
533 534 97.000000 756.000000
533 558 85.000000 539.000000
534 509 92.000000 638.000000
534 533 82.000000 417.000000
534 535 100.000000 722.000000
534 559 91.000000 479.000000
535 510 81.000000 475.000000
535 534 94.000000 505.000000
535 536 87.000000 596.000000
535 560 88.000000 384.000000
536 511 98.000000 727.000000
536 535 100.000000 561.000000
536 537 87.000000 483.000000
536 561 81.000000 388.000000
537 512 97.000000 591.000000
537 536 99.000000 751.000000
537 538 81.000000 575.000000
537 562 81.000000 393.000000
538 513 93.000000 389.000000
538 537 88.000000 361.000000
538 539 95.000000 477.000000
538 563 83.000000 481.000000
539 514 98.000000 618.000000
539 538 81.000000 370.000000
539 540 95.000000 581.000000
539 564 98.000000 413.000000
540 515 94.000000 631.000000
540 539 81.000000 507.000000
540 541 87.000000 402.000000
540 565 80.000000 556.000000
541 516 98.000000 560.000000
541 540 93.000000 639.000000
541 542 97.000000 598.000000
541 566 87.000000 408.000000
542 517 86.000000 703.000000
542 541 87.000000 581.000000
542 543 92.000000 374.000000
542 567 86.000000 695.000000
543 518 92.000000 379.000000
543 542 96.000000 557.000000
543 544 81.000000 593.000000
543 568 93.000000 377.000000
544 519 98.000000 470.000000
544 543 80.000000 409.000000
544 545 89.000000 695.000000
544 569 85.000000 557.000000
545 520 86.000000 451.000000
545 544 91.000000 581.000000
545 546 93.000000 555.000000
545 570 95.000000 626.000000
546 521 95.000000 541.000000
546 545 87.000000 572.000000
546 547 92.000000 565.000000
546 571 95.000000 626.000000
547 522 85.000000 562.000000
547 546 100.000000 704.000000
547 548 97.000000 685.000000
547 572 92.000000 387.000000
548 523 100.000000 543.000000
548 547 84.000000 463.000000
548 549 88.000000 546.000000
548 573 97.000000 600.000000
549 524 92.000000 663.000000
549 548 100.000000 494.000000
549 550 80.000000 535.000000
549 574 86.000000 390.000000
550 525 91.000000 752.000000
550 549 91.000000 693.000000
550 575 97.000000 375.000000
551 526 95.000000 546.000000
551 552 84.000000 571.000000
551 576 81.000000 672.000000
552 527 88.000000 696.000000
552 551 89.000000 584.000000
552 553 88.000000 665.000000
552 577 89.000000 651.000000
553 528 83.000000 532.000000
553 552 87.000000 386.000000
553 554 87.000000 620.000000
553 578 96.000000 646.000000
554 529 92.000000 637.000000
554 553 81.000000 602.000000
554 555 81.000000 527.000000
554 579 84.000000 411.000000
555 530 85.000000 749.000000
555 554 84.000000 548.000000
555 556 84.000000 464.000000
555 580 83.000000 397.000000
556 531 82.000000 696.000000
556 555 92.000000 590.000000
556 557 89.000000 613.000000
556 581 89.000000 591.000000
557 532 100.000000 678.000000
557 556 89.000000 559.000000
557 558 91.000000 426.000000
557 582 80.000000 705.000000
558 533 86.000000 616.000000
558 557 80.000000 369.000000
558 559 87.000000 646.000000
558 583 99.000000 559.000000
559 534 99.000000 703.000000
559 558 86.000000 391.000000
559 560 88.000000 602.000000
559 584 87.000000 539.000000
560 535 85.000000 639.000000
560 559 81.000000 559.000000
560 561 83.000000 581.000000
560 585 92.000000 590.000000
561 536 94.000000 504.000000
561 560 84.000000 556.000000
561 562 100.000000 510.000000
561 586 82.000000 387.000000
562 537 81.000000 739.000000
562 561 92.000000 451.000000
562 563 100.000000 728.000000
562 587 84.000000 377.000000
563 538 91.000000 574.000000
563 562 85.000000 552.000000
563 564 83.000000 496.000000
563 588 96.000000 734.000000
564 539 95.000000 414.000000
564 563 95.000000 624.000000
564 565 91.000000 428.000000
564 589 99.000000 688.000000
565 540 97.000000 679.000000
565 564 98.000000 457.000000
565 566 85.000000 480.000000
565 590 80.000000 506.000000
566 541 88.000000 628.000000
566 565 85.000000 717.000000
566 567 82.000000 483.000000
566 591 91.000000 572.000000
567 542 96.000000 473.000000
567 566 100.000000 475.000000
567 568 87.000000 461.000000
567 592 80.000000 640.000000
568 543 99.000000 693.000000
568 567 80.000000 749.000000
568 569 97.000000 527.000000
568 593 99.000000 516.000000
569 544 98.000000 664.000000
569 568 88.000000 434.000000
569 570 96.000000 370.000000
569 594 85.000000 428.000000
570 545 85.000000 515.000000
570 569 85.000000 389.000000
570 571 100.000000 559.000000
570 595 81.000000 758.000000
571 546 94.000000 727.000000
571 570 94.000000 425.000000
571 572 100.000000 465.000000
571 596 87.000000 590.000000
572 547 91.000000 580.000000
572 571 94.000000 577.000000
572 573 87.000000 615.000000
572 597 96.000000 739.000000
573 548 87.000000 368.000000
573 572 93.000000 604.000000
573 574 97.000000 692.000000
573 598 100.000000 716.000000
574 549 80.000000 492.000000
574 573 91.000000 694.000000
574 575 93.000000 597.000000
574 599 91.000000 513.000000
575 550 92.000000 738.000000
575 574 91.000000 532.000000
575 600 83.000000 578.000000
576 551 93.000000 641.000000
576 577 99.000000 465.000000
576 601 84.000000 483.000000
577 552 86.000000 646.000000
577 576 87.000000 508.000000
577 578 85.000000 597.000000
577 602 94.000000 475.000000
578 553 84.000000 486.000000
578 577 81.000000 584.000000
578 579 97.000000 558.000000
578 603 82.000000 718.000000
579 554 89.000000 474.000000
579 578 88.000000 427.000000
579 580 87.000000 629.000000
579 604 98.000000 645.000000
580 555 83.000000 620.000000
580 579 99.000000 425.000000
580 581 85.000000 469.000000
580 605 97.000000 623.000000
581 556 80.000000 437.000000
581 580 93.000000 513.000000
581 582 91.000000 702.000000
581 606 91.000000 399.000000
582 557 80.000000 569.000000
582 581 89.000000 543.000000
582 583 85.000000 671.000000
582 607 87.000000 448.000000
583 558 86.000000 361.000000
583 582 97.000000 751.000000
583 584 98.000000 491.000000
583 608 96.000000 582.000000
584 559 86.000000 615.000000
584 583 97.000000 597.000000
584 585 83.000000 500.000000
584 609 89.000000 383.000000
585 560 89.000000 521.000000
585 584 97.000000 430.000000
585 586 80.000000 631.000000
585 610 98.000000 622.000000
586 561 96.000000 384.000000
586 585 88.000000 656.000000
586 587 96.000000 398.000000
586 611 80.000000 630.000000
587 562 92.000000 365.000000
587 586 82.000000 448.000000
587 588 96.000000 439.000000
587 612 91.000000 377.000000
588 563 96.000000 442.000000
588 587 96.000000 687.000000
588 589 92.000000 697.000000
588 613 84.000000 627.000000
589 564 88.000000 595.000000
589 588 99.000000 371.000000
589 590 91.000000 575.000000
589 614 96.000000 730.000000
590 565 84.000000 453.000000
590 589 84.000000 382.000000
590 591 95.000000 563.000000
590 615 80.000000 614.000000
591 566 86.000000 586.000000
591 590 97.000000 642.000000
591 592 100.000000 658.000000
591 616 87.000000 534.000000
592 567 97.000000 677.000000
592 591 89.000000 548.000000
592 593 92.000000 683.000000
592 617 95.000000 753.000000
593 568 85.000000 371.000000
593 592 95.000000 736.000000
593 594 93.000000 626.000000
593 618 82.000000 705.000000
594 569 98.000000 424.000000
594 593 82.000000 433.000000
594 595 80.000000 501.000000
594 619 88.000000 604.000000
595 570 89.000000 361.000000
595 594 97.000000 470.000000
595 596 93.000000 654.000000
595 620 86.000000 673.000000
596 571 82.000000 653.000000
596 595 84.000000 611.000000
596 597 87.000000 414.000000
596 621 82.000000 538.000000
597 572 98.000000 427.000000
597 596 99.000000 460.000000
597 598 83.000000 418.000000
597 622 87.000000 370.000000
598 573 83.000000 724.000000
598 597 91.000000 616.000000
598 599 97.000000 504.000000
598 623 83.000000 713.000000
599 574 96.000000 720.000000
599 598 94.000000 529.000000
599 600 80.000000 505.000000
599 624 89.000000 583.000000
600 575 95.000000 503.000000
600 599 86.000000 526.000000
600 625 98.000000 632.000000
601 576 93.000000 389.000000
601 602 84.000000 653.000000
602 577 94.000000 466.000000
602 601 91.000000 383.000000
602 603 97.000000 442.000000
603 578 85.000000 607.000000
603 602 86.000000 491.000000
603 604 94.000000 673.000000
604 579 92.000000 406.000000
604 603 85.000000 429.000000
604 605 97.000000 730.000000
605 580 88.000000 509.000000
605 604 88.000000 471.000000
605 606 84.000000 412.000000
606 581 83.000000 620.000000
606 605 85.000000 510.000000
606 607 85.000000 395.000000
607 582 85.000000 708.000000
607 606 96.000000 713.000000
607 608 86.000000 599.000000
608 583 85.000000 380.000000
608 607 99.000000 602.000000
608 609 95.000000 414.000000
609 584 87.000000 568.000000
609 608 92.000000 756.000000
609 610 99.000000 447.000000
610 585 100.000000 543.000000
610 609 84.000000 436.000000
610 611 96.000000 413.000000
611 586 97.000000 670.000000
611 610 81.000000 546.000000
611 612 93.000000 506.000000
612 587 87.000000 573.000000
612 611 100.000000 463.000000
612 613 85.000000 447.000000
613 588 86.000000 439.000000
613 612 80.000000 638.000000
613 614 83.000000 568.000000
614 589 100.000000 594.000000
614 613 82.000000 456.000000
614 615 91.000000 689.000000
615 590 83.000000 371.000000
615 614 92.000000 453.000000
615 616 84.000000 376.000000
616 591 84.000000 600.000000
616 615 98.000000 515.000000
616 617 97.000000 727.000000
617 592 100.000000 411.000000
617 616 94.000000 723.000000
617 618 99.000000 454.000000
618 593 89.000000 451.000000
618 617 84.000000 625.000000
618 619 96.000000 510.000000
619 594 100.000000 541.000000
619 618 98.000000 535.000000
619 620 100.000000 565.000000
620 595 89.000000 439.000000
620 619 86.000000 490.000000
620 621 92.000000 603.000000
621 596 88.000000 391.000000
621 620 96.000000 394.000000
621 622 99.000000 593.000000
622 597 91.000000 613.000000
622 621 86.000000 600.000000
622 623 99.000000 673.000000
623 598 92.000000 732.000000
623 622 96.000000 495.000000
623 624 87.000000 471.000000
624 599 100.000000 386.000000
624 623 85.000000 384.000000
624 625 97.000000 493.000000
625 600 98.000000 730.000000
625 624 95.000000 595.000000
141 115 71.000000
269 97 76.000000
319 606 56.000000
438 581 58.000000
283 367 64.000000
397 470 48.000000
428 524 38.000000
265 365 50.000000
200 101 45.000000
78 613 16.000000
565 273 96.000000
556 174 18.000000
337 49 72.000000
24 580 47.000000
223 248 29.000000
602 252 98.000000
426 590 67.000000
390 102 23.000000
518 108 75.000000
405 491 16.000000
400 529 47.000000
325 602 91.000000
170 251 53.000000
604 620 52.000000
268 324 71.000000
180 595 67.000000
572 328 40.000000
560 327 79.000000
75 479 56.000000
407 301 93.000000
293 353 44.000000
309 586 54.000000
121 510 84.000000
198 320 47.000000
274 279 46.000000
561 273 63.000000
48 454 93.000000
495 171 21.000000
53 506 25.000000
202 585 49.000000
101 346 14.000000
73 321 67.000000
44 420 92.000000
459 99 11.000000
44 241 68.000000
559 359 89.000000
188 552 85.000000
219 492 100.000000
297 584 20.000000
340 71 80.000000
9 480 70.000000
389 121 49.000000
134 514 99.000000
110 457 29.000000
407 528 46.000000
535 490 50.000000
16 145 11.000000
2 183 62.000000
315 39 30.000000
80 308 97.000000
407 37 33.000000
420 144 69.000000
452 267 54.000000
405 287 81.000000
380 155 76.000000
282 368 77.000000
425 276 26.000000
152 247 98.000000
251 278 68.000000
413 75 96.000000
138 171 37.000000
53 449 87.000000
287 401 57.000000
158 117 67.000000
533 16 87.000000
220 586 68.000000
363 587 75.000000
602 487 68.000000
249 36 94.000000
604 215 25.000000
103 87 44.000000
573 246 76.000000
76 452 36.000000
34 343 35.000000
4 154 22.000000
76 57 53.000000
557 291 24.000000
191 543 82.000000
593 385 14.000000
449 305 21.000000
242 407 70.000000
547 76 59.000000
100 523 77.000000
280 609 85.000000
560 38 54.000000
610 524 13.000000
206 33 39.000000
111 587 71.000000
451 276 22.000000
530 279 69.000000
341 528 21.000000
594 180 85.000000
462 15 68.000000
139 270 90.000000
100 228 76.000000
266 7 32.000000
82 259 91.000000
607 19 34.000000
251 523 50.000000
83 78 53.000000
515 479 47.000000
41 294 63.000000
20 73 63.000000
280 454 71.000000
424 394 83.000000
337 182 45.000000
505 282 78.000000
423 291 64.000000
587 258 87.000000
354 497 84.000000
39 59 54.000000
119 137 70.000000
620 507 33.000000
220 76 21.000000
94 581 59.000000
612 137 73.000000
597 108 96.000000
605 13 93.000000
38 482 15.000000
346 286 64.000000
86 93 49.000000
495 517 35.000000
610 309 83.000000
371 390 64.000000
556 359 55.000000
451 416 97.000000
33 397 25.000000
157 215 22.000000
551 608 14.000000
493 281 84.000000
131 397 49.000000
324 27 20.000000
216 361 57.000000
236 409 66.000000
125 246 59.000000
345 111 77.000000
193 191 38.000000
403 284 37.000000
473 152 87.000000
239 76 49.000000
211 351 96.000000
221 123 13.000000
50 39 67.000000
557 322 20.000000
525 182 42.000000
463 498 12.000000
293 394 38.000000
304 198 53.000000
292 120 81.000000
365 27 48.000000
218 573 100.000000
224 239 46.000000
374 305 15.000000
80 229 30.000000
313 271 36.000000
462 509 21.000000
316 98 53.000000
21 68 72.000000
482 205 94.000000
39 552 46.000000
106 32 21.000000
610 498 11.000000
15 231 43.000000
279 505 34.000000
203 486 86.000000
59 303 83.000000
401 291 63.000000
231 99 59.000000
456 488 73.000000
565 416 32.000000
208 558 59.000000
623 105 80.000000
136 314 33.000000
535 507 25.000000
348 550 44.000000
9 466 81.000000
343 31 33.000000
122 33 35.000000
193 442 82.000000
256 291 42.000000
369 165 35.000000
159 22 71.000000
364 605 85.000000
57 185 47.000000
543 375 86.000000
546 306 63.000000
170 104 26.000000
472 244 27.000000
14 451 62.000000
49 336 91.000000
495 183 75.000000
571 421 67.000000
101 139 81.000000
415 169 30.000000
131 335 15.000000
291 336 64.000000
448 233 39.000000
549 397 93.000000
104 497 73.000000
473 265 24.000000
470 192 77.000000
512 90 26.000000
226 89 100.000000
312 348 51.000000
196 340 92.000000
456 289 26.000000
555 551 29.000000
295 393 58.000000
516 168 12.000000
521 238 70.000000
127 246 87.000000
253 439 55.000000
47 157 11.000000
547 140 18.000000
625 234 82.000000
603 78 50.000000
504 528 52.000000
11 135 28.000000
492 420 30.000000
144 456 63.000000
289 585 18.000000
155 517 72.000000
272 214 82.000000
357 63 90.000000
70 173 62.000000
601 414 63.000000
295 64 45.000000
214 119 80.000000
44 54 31.000000
541 549 97.000000
270 511 49.000000
181 43 21.000000
175 221 13.000000
541 441 81.000000
7 126 58.000000
125 589 75.000000
239 61 17.000000
145 200 43.000000
130 557 30.000000
383 296 42.000000
375 465 89.000000
411 21 45.000000
245 217 92.000000
17 168 77.000000
581 508 94.000000
157 423 60.000000
479 573 23.000000
493 226 83.000000
291 321 24.000000
366 554 46.000000
161 606 15.000000
39 280 28.000000
421 250 95.000000
194 540 34.000000
41 331 91.000000
429 231 30.000000
523 587 42.000000
587 539 56.000000
207 39 62.000000
237 330 43.000000
116 408 18.000000
91 587 94.000000
586 163 59.000000
290 194 65.000000
7 300 79.000000
283 495 78.000000
312 108 46.000000
477 15 80.000000
330 345 69.000000
461 586 65.000000
28 391 94.000000
505 243 92.000000
486 617 28.000000
287 13 89.000000
287 209 84.000000
31 70 13.000000
217 566 61.000000
620 336 90.000000
114 374 96.000000
119 362 35.000000
124 180 56.000000
5 470 32.000000
137 624 47.000000
203 120 64.000000
221 538 96.000000
178 56 83.000000
612 620 22.000000
13 237 36.000000
484 401 40.000000
532 485 70.000000
613 520 40.000000
9 517 43.000000
101 195 29.000000
559 20 57.000000
600 428 66.000000
415 586 99.000000
614 47 38.000000
190 351 95.000000
610 521 17.000000
101 323 25.000000
191 186 71.000000
516 618 77.000000
305 209 61.000000
487 110 63.000000
406 617 76.000000
292 108 71.000000
620 390 23.000000
87 559 51.000000
387 217 42.000000
458 52 45.000000
320 541 64.000000
169 548 32.000000
53 273 93.000000
378 77 61.000000
452 36 55.000000
601 293 49.000000
623 202 97.000000
439 379 90.000000
145 220 71.000000
576 274 17.000000
100 371 96.000000
577 313 17.000000
604 140 37.000000
597 288 45.000000
184 537 91.000000
559 523 37.000000
270 421 42.000000
376 45 13.000000
590 106 57.000000
233 484 64.000000
92 50 26.000000
52 542 50.000000
153 462 37.000000
153 564 12.000000
625 555 18.000000
15 164 59.000000
55 551 18.000000
187 470 92.000000
533 491 53.000000
508 343 31.000000
447 361 75.000000
259 66 43.000000
84 313 69.000000
20 348 30.000000
168 353 32.000000
205 54 21.000000
459 571 80.000000
531 443 43.000000
210 230 26.000000
394 379 88.000000
595 379 91.000000
491 448 31.000000
6 104 53.000000
94 97 49.000000
503 329 88.000000
473 462 88.000000
315 569 61.000000
243 312 59.000000
287 570 84.000000
505 160 72.000000
538 376 29.000000
94 193 88.000000
54 86 15.000000
274 278 47.000000
474 70 48.000000
21 150 98.000000
559 395 21.000000
572 221 84.000000
610 311 39.000000
586 317 81.000000
408 337 86.000000
316 398 54.000000
336 100 19.000000
140 298 42.000000
286 158 17.000000
6 86 16.000000
32 503 96.000000
459 199 41.000000
26 320 11.000000
321 69 47.000000
193 359 35.000000
159 145 36.000000
251 115 79.000000
478 215 14.000000
399 177 79.000000
406 187 78.000000
19 257 14.000000
47 619 32.000000
45 85 93.000000
168 295 63.000000
320 170 75.000000
104 222 43.000000
525 543 57.000000
512 469 53.000000
504 383 98.000000
529 283 57.000000
147 427 57.000000
211 32 84.000000
593 124 96.000000
591 376 41.000000
233 569 14.000000
269 526 35.000000
310 534 59.000000
248 515 92.000000
545 494 80.000000
265 13 88.000000
293 467 35.000000
550 225 62.000000
6 178 64.000000
381 75 24.000000
49 277 81.000000
587 33 79.000000
219 200 67.000000
127 205 31.000000
18 594 18.000000
602 563 50.000000
251 237 64.000000
126 241 22.000000
416 207 96.000000
593 348 52.000000
208 525 70.000000
488 549 39.000000
471 68 58.000000
287 21 41.000000
162 601 71.000000
252 593 95.000000
106 48 86.000000
407 279 74.000000
100 586 90.000000
168 611 56.000000
178 429 95.000000
518 6 11.000000
579 572 28.000000
182 158 60.000000
206 421 56.000000
238 79 73.000000
377 241 93.000000
151 95 25.000000
315 46 79.000000
333 507 58.000000
200 534 18.000000
133 555 69.000000
81 166 37.000000
516 161 18.000000
618 123 54.000000
46 208 56.000000
392 150 82.000000
438 506 37.000000
154 380 17.000000
35 600 88.000000
363 447 36.000000
84 75 93.000000
446 342 44.000000
88 267 42.000000
430 158 82.000000
429 501 90.000000
56 368 33.000000
246 530 99.000000
549 46 22.000000
569 199 46.000000
67 363 71.000000
567 162 72.000000
230 417 60.000000
309 263 74.000000
553 16 16.000000
316 210 15.000000
588 567 31.000000
45 560 55.000000
439 50 54.000000
548 552 29.000000
147 497 25.000000
49 575 69.000000
469 52 71.000000
168 72 26.000000
200 314 38.000000
369 496 59.000000
532 14 91.000000
269 177 68.000000
209 537 89.000000
324 208 53.000000
446 527 71.000000
582 412 52.000000
302 596 41.000000
64 443 57.000000
460 1 51.000000
331 267 11.000000
100 624 27.000000
44 5 28.000000
560 110 25.000000
470 303 62.000000

