#Instance: 
50 250 267 1.0
1 7 44489.000000 61.000000
7 1 44489.000000 61.000000
1 17 13169.000000 106.000000
17 1 13169.000000 106.000000
1 25 3816.000000 125.000000
25 1 3816.000000 125.000000
1 29 6165.000000 78.000000
29 1 6165.000000 78.000000
1 37 18965.000000 80.000000
37 1 18965.000000 80.000000
1 46 27490.000000 43.000000
46 1 27490.000000 43.000000
2 16 29156.000000 154.000000
16 2 29156.000000 154.000000
2 24 42929.000000 127.000000
24 2 42929.000000 127.000000
2 37 4810.000000 139.000000
37 2 4810.000000 139.000000
2 41 48800.000000 153.000000
41 2 48800.000000 153.000000
2 46 11545.000000 44.000000
46 2 11545.000000 44.000000
2 47 8521.000000 98.000000
47 2 8521.000000 98.000000
3 24 81940.000000 144.000000
24 3 81940.000000 144.000000
3 31 44644.000000 125.000000
31 3 44644.000000 125.000000
3 32 27850.000000 75.000000
32 3 27850.000000 75.000000
3 41 24049.000000 70.000000
41 3 24049.000000 70.000000
4 5 7813.000000 147.000000
5 4 7813.000000 147.000000
4 38 4194.000000 62.000000
38 4 4194.000000 62.000000
5 35 6354.000000 37.000000
35 5 6354.000000 37.000000
5 38 17929.000000 116.000000
38 5 17929.000000 116.000000
5 40 42824.000000 39.000000
40 5 42824.000000 39.000000
6 32 10485.000000 142.000000
32 6 10485.000000 142.000000
6 33 7229.000000 49.000000
33 6 7229.000000 49.000000
6 41 3562.000000 159.000000
41 6 3562.000000 159.000000
6 49 9332.000000 50.000000
49 6 9332.000000 50.000000
7 8 27586.000000 78.000000
8 7 27586.000000 78.000000
7 17 34516.000000 107.000000
17 7 34516.000000 107.000000
7 18 17082.000000 59.000000
18 7 17082.000000 59.000000
7 37 76212.000000 114.000000
37 7 76212.000000 114.000000
7 38 13793.000000 147.000000
38 7 13793.000000 147.000000
8 9 10553.000000 122.000000
9 8 10553.000000 122.000000
8 18 23656.000000 154.000000
18 8 23656.000000 154.000000
8 37 14506.000000 87.000000
37 8 14506.000000 87.000000
8 42 17986.000000 126.000000
42 8 17986.000000 126.000000
8 47 27365.000000 42.000000
47 8 27365.000000 42.000000
9 10 4149.000000 70.000000
10 9 4149.000000 70.000000
9 14 11057.000000 136.000000
14 9 11057.000000 136.000000
9 18 19045.000000 119.000000
18 9 19045.000000 119.000000
9 42 1445.000000 81.000000
42 9 1445.000000 81.000000
10 12 34385.000000 111.000000
12 10 34385.000000 111.000000
10 14 8420.000000 43.000000
14 10 8420.000000 43.000000
10 20 27121.000000 132.000000
20 10 27121.000000 132.000000
10 33 18989.000000 158.000000
33 10 18989.000000 158.000000
10 42 3200.000000 84.000000
42 10 3200.000000 84.000000
11 12 16505.000000 103.000000
12 11 16505.000000 103.000000
11 20 4597.000000 127.000000
20 11 4597.000000 127.000000
11 26 19490.000000 63.000000
26 11 19490.000000 63.000000
11 39 3385.000000 100.000000
39 11 3385.000000 100.000000
11 44 4409.000000 121.000000
44 11 4409.000000 121.000000
12 20 19508.000000 148.000000
20 12 19508.000000 148.000000
12 26 35725.000000 47.000000
26 12 35725.000000 47.000000
12 33 23796.000000 70.000000
33 12 23796.000000 70.000000
12 45 21060.000000 56.000000
45 12 21060.000000 56.000000
12 49 4381.000000 159.000000
49 12 4381.000000 159.000000
13 20 2105.000000 40.000000
20 13 2105.000000 40.000000
13 22 7578.000000 98.000000
22 13 7578.000000 98.000000
13 28 1537.000000 62.000000
28 13 1537.000000 62.000000
13 39 637.000000 145.000000
39 13 637.000000 145.000000
13 44 3229.000000 152.000000
44 13 3229.000000 152.000000
14 15 22226.000000 72.000000
15 14 22226.000000 72.000000
14 18 3074.000000 118.000000
18 14 3074.000000 118.000000
14 20 32009.000000 137.000000
20 14 32009.000000 137.000000
14 35 23850.000000 151.000000
35 14 23850.000000 151.000000
15 20 17341.000000 57.000000
20 15 17341.000000 57.000000
15 22 1576.000000 107.000000
22 15 1576.000000 107.000000
15 28 13025.000000 103.000000
28 15 13025.000000 103.000000
15 35 5096.000000 112.000000
35 15 5096.000000 112.000000
16 24 17125.000000 43.000000
24 16 17125.000000 43.000000
16 34 3281.000000 153.000000
34 16 3281.000000 153.000000
16 46 14285.000000 83.000000
46 16 14285.000000 83.000000
16 50 22810.000000 148.000000
50 16 22810.000000 148.000000
17 25 12365.000000 133.000000
25 17 12365.000000 133.000000
17 29 2066.000000 93.000000
29 17 2066.000000 93.000000
18 35 20564.000000 151.000000
35 18 20564.000000 151.000000
18 38 22385.000000 63.000000
38 18 22385.000000 63.000000
19 24 30465.000000 110.000000
24 19 30465.000000 110.000000
19 30 6597.000000 144.000000
30 19 6597.000000 144.000000
19 43 2993.000000 98.000000
43 19 2993.000000 98.000000
19 48 6530.000000 72.000000
48 19 6530.000000 72.000000
20 28 314.000000 99.000000
28 20 314.000000 99.000000
20 39 4226.000000 130.000000
39 20 4226.000000 130.000000
21 23 12322.000000 129.000000
23 21 12322.000000 129.000000
21 50 29988.000000 63.000000
50 21 29988.000000 63.000000
22 28 8653.000000 126.000000
28 22 8653.000000 126.000000
22 35 11600.000000 72.000000
35 22 11600.000000 72.000000
22 40 11050.000000 136.000000
40 22 11050.000000 136.000000
22 44 15205.000000 45.000000
44 22 15205.000000 45.000000
23 34 39005.000000 48.000000
34 23 39005.000000 48.000000
23 50 5098.000000 158.000000
50 23 5098.000000 158.000000
24 27 49733.000000 67.000000
27 24 49733.000000 67.000000
24 34 18698.000000 123.000000
34 24 18698.000000 123.000000
24 43 43136.000000 149.000000
43 24 43136.000000 149.000000
24 48 31025.000000 134.000000
48 24 31025.000000 134.000000
25 29 4329.000000 69.000000
29 25 4329.000000 69.000000
25 46 28594.000000 39.000000
46 25 28594.000000 39.000000
26 36 22250.000000 141.000000
36 26 22250.000000 141.000000
26 40 78728.000000 108.000000
40 26 78728.000000 108.000000
26 44 25681.000000 86.000000
44 26 25681.000000 86.000000
26 45 35545.000000 96.000000
45 26 35545.000000 96.000000
27 30 1217.000000 93.000000
30 27 1217.000000 93.000000
27 43 405.000000 97.000000
43 27 405.000000 97.000000
30 43 1640.000000 48.000000
43 30 1640.000000 48.000000
30 48 22445.000000 140.000000
48 30 22445.000000 140.000000
31 32 26594.000000 39.000000
32 31 26594.000000 39.000000
31 45 38666.000000 42.000000
45 31 38666.000000 42.000000
32 41 24949.000000 106.000000
41 32 24949.000000 106.000000
32 45 13520.000000 53.000000
45 32 13520.000000 53.000000
32 49 18185.000000 48.000000
49 32 18185.000000 48.000000
33 41 5725.000000 110.000000
41 33 5725.000000 110.000000
33 42 13693.000000 48.000000
42 33 13693.000000 48.000000
33 47 18932.000000 158.000000
47 33 18932.000000 158.000000
33 49 8737.000000 113.000000
49 33 8737.000000 113.000000
34 48 49993.000000 156.000000
48 34 49993.000000 156.000000
34 50 15977.000000 90.000000
50 34 15977.000000 90.000000
35 38 24733.000000 140.000000
38 35 24733.000000 140.000000
35 40 30050.000000 150.000000
40 35 30050.000000 150.000000
36 45 27785.000000 144.000000
45 36 27785.000000 144.000000
37 46 12785.000000 68.000000
46 37 12785.000000 68.000000
37 47 12937.000000 108.000000
47 37 12937.000000 108.000000
39 44 1010.000000 93.000000
44 39 1010.000000 93.000000
40 44 17525.000000 152.000000
44 40 17525.000000 152.000000
41 47 20353.000000 86.000000
47 41 20353.000000 86.000000
42 47 15773.000000 49.000000
47 42 15773.000000 49.000000
45 49 26377.000000 122.000000
49 45 26377.000000 122.000000
46 50 42125.000000 156.000000
50 46 42125.000000 156.000000
1 3 8.000000
1 19 5.000000
1 21 4.000000
1 28 7.000000
1 35 9.000000
1 36 8.000000
1 38 7.000000
1 40 7.000000
1 43 9.000000
1 45 8.000000
1 46 7.000000
2 4 7.000000
2 6 7.000000
2 7 4.000000
2 19 6.000000
2 25 8.000000
2 29 5.000000
3 2 9.000000
3 31 7.000000
3 37 5.000000
3 43 8.000000
3 47 7.000000
4 3 6.000000
4 19 6.000000
4 27 9.000000
4 32 7.000000
4 34 9.000000
4 36 5.000000
4 49 7.000000
5 11 4.000000
5 14 4.000000
5 21 7.000000
5 26 7.000000
5 28 7.000000
5 46 9.000000
6 17 7.000000
6 42 6.000000
7 1 6.000000
7 13 9.000000
7 16 9.000000
7 25 9.000000
7 39 5.000000
7 40 4.000000
7 48 8.000000
8 44 7.000000
8 46 5.000000
9 3 5.000000
9 25 4.000000
9 32 9.000000
10 6 9.000000
10 9 6.000000
10 14 5.000000
10 16 7.000000
10 37 6.000000
10 45 5.000000
10 49 7.000000
11 22 8.000000
11 40 6.000000
11 41 6.000000
12 2 4.000000
12 8 5.000000
12 14 8.000000
12 19 5.000000
12 23 4.000000
12 26 4.000000
12 28 7.000000
12 47 6.000000
13 7 7.000000
13 41 9.000000
14 18 6.000000
14 20 6.000000
14 21 5.000000
14 30 6.000000
14 47 5.000000
15 3 6.000000
15 4 6.000000
15 11 9.000000
15 19 6.000000
15 22 7.000000
15 28 8.000000
15 30 9.000000
15 36 7.000000
15 41 5.000000
16 9 6.000000
16 11 4.000000
16 12 6.000000
16 19 6.000000
16 30 6.000000
16 33 9.000000
16 50 8.000000
17 6 4.000000
17 7 5.000000
17 16 6.000000
18 33 5.000000
18 39 6.000000
19 2 9.000000
19 14 7.000000
19 16 8.000000
19 18 4.000000
19 26 5.000000
19 29 4.000000
19 31 7.000000
19 34 8.000000
19 37 5.000000
20 17 8.000000
20 33 9.000000
20 40 5.000000
20 48 8.000000
21 3 7.000000
21 19 9.000000
22 14 7.000000
22 29 8.000000
22 31 6.000000
22 32 8.000000
22 37 9.000000
23 4 9.000000
23 7 9.000000
23 11 7.000000
23 13 4.000000
23 27 5.000000
23 28 6.000000
23 42 9.000000
23 43 9.000000
23 48 4.000000
23 50 9.000000
24 7 6.000000
24 13 4.000000
24 31 9.000000
24 36 7.000000
24 37 9.000000
24 38 9.000000
24 39 4.000000
25 1 6.000000
25 5 8.000000
25 19 6.000000
25 36 6.000000
25 37 6.000000
25 39 7.000000
25 45 6.000000
26 16 8.000000
26 21 6.000000
26 31 9.000000
27 2 7.000000
27 17 9.000000
27 42 9.000000
28 2 7.000000
28 20 8.000000
28 23 8.000000
28 33 5.000000
28 37 6.000000
28 49 9.000000
29 22 9.000000
29 28 8.000000
29 31 4.000000
29 49 8.000000
30 2 8.000000
30 9 4.000000
30 14 8.000000
30 33 4.000000
30 35 8.000000
30 37 9.000000
31 29 5.000000
31 34 7.000000
31 43 5.000000
31 44 7.000000
31 50 8.000000
32 6 5.000000
32 13 8.000000
32 14 5.000000
32 18 8.000000
32 23 7.000000
32 26 6.000000
32 43 6.000000
33 6 5.000000
33 27 9.000000
33 28 6.000000
33 47 8.000000
34 23 7.000000
34 25 5.000000
34 28 5.000000
34 30 8.000000
35 1 7.000000
35 9 4.000000
35 11 6.000000
35 12 7.000000
35 13 7.000000
35 23 6.000000
35 25 9.000000
35 40 6.000000
35 46 8.000000
35 48 8.000000
36 29 7.000000
36 35 9.000000
36 38 5.000000
36 39 4.000000
36 46 4.000000
37 3 6.000000
37 7 6.000000
37 10 9.000000
37 15 9.000000
37 23 9.000000
37 24 4.000000
37 36 6.000000
37 49 8.000000
38 5 7.000000
38 8 9.000000
38 26 9.000000
39 10 4.000000
39 26 8.000000
39 34 7.000000
39 36 4.000000
40 4 6.000000
40 13 6.000000
40 31 6.000000
41 1 4.000000
41 23 8.000000
41 33 4.000000
41 43 9.000000
42 32 5.000000
42 37 8.000000
42 41 7.000000
42 48 8.000000
43 5 4.000000
43 6 4.000000
43 19 4.000000
43 20 8.000000
43 35 4.000000
43 48 9.000000
43 49 5.000000
44 10 4.000000
44 17 7.000000
44 19 5.000000
44 20 4.000000
45 21 8.000000
45 28 4.000000
45 42 4.000000
45 43 4.000000
46 2 7.000000
46 6 8.000000
46 19 6.000000
46 21 7.000000
46 38 6.000000
46 42 9.000000
46 44 7.000000
46 47 4.000000
47 3 8.000000
47 32 9.000000
47 34 7.000000
48 4 4.000000
48 9 8.000000
48 22 9.000000
48 26 4.000000
48 27 4.000000
48 50 8.000000
49 5 5.000000
49 16 9.000000
49 17 8.000000
49 19 9.000000
49 38 6.000000
49 45 6.000000
49 47 4.000000
49 48 5.000000
50 13 4.000000
50 22 4.000000
50 25 5.000000
50 36 7.000000
50 40 4.000000

