#Instance: 
30 150 92 1.0
1 14 9981.000000 48.000000
14 1 9981.000000 48.000000
1 16 11417.000000 115.000000
16 1 11417.000000 115.000000
1 22 20077.000000 65.000000
22 1 20077.000000 65.000000
1 26 8501.000000 86.000000
26 1 8501.000000 86.000000
2 12 52306.000000 35.000000
12 2 52306.000000 35.000000
2 16 9169.000000 116.000000
16 2 9169.000000 116.000000
2 19 118372.000000 42.000000
19 2 118372.000000 42.000000
2 21 6581.000000 25.000000
21 2 6581.000000 25.000000
2 26 10537.000000 114.000000
26 2 10537.000000 114.000000
3 17 6253.000000 80.000000
17 3 6253.000000 80.000000
3 19 56821.000000 70.000000
19 3 56821.000000 70.000000
3 22 33930.000000 86.000000
22 3 33930.000000 86.000000
3 24 29725.000000 105.000000
24 3 29725.000000 105.000000
3 25 37000.000000 109.000000
25 3 37000.000000 109.000000
3 30 41497.000000 57.000000
30 3 41497.000000 57.000000
4 11 88201.000000 97.000000
11 4 88201.000000 97.000000
4 15 7760.000000 102.000000
15 4 7760.000000 102.000000
4 18 8584.000000 63.000000
18 4 8584.000000 63.000000
4 23 51080.000000 103.000000
23 4 51080.000000 103.000000
4 27 14474.000000 85.000000
27 4 14474.000000 85.000000
4 28 36756.000000 43.000000
28 4 36756.000000 43.000000
5 7 1098.000000 107.000000
7 5 1098.000000 107.000000
5 10 12025.000000 33.000000
10 5 12025.000000 33.000000
5 13 13796.000000 95.000000
13 5 13796.000000 95.000000
5 23 48130.000000 38.000000
23 5 48130.000000 38.000000
5 25 13032.000000 59.000000
25 5 13032.000000 59.000000
5 27 44136.000000 82.000000
27 5 44136.000000 82.000000
5 30 4369.000000 72.000000
30 5 4369.000000 72.000000
6 7 9490.000000 49.000000
7 6 9490.000000 49.000000
6 8 6250.000000 111.000000
8 6 6250.000000 111.000000
6 10 7649.000000 84.000000
10 6 7649.000000 84.000000
6 28 15634.000000 92.000000
28 6 15634.000000 92.000000
6 30 19853.000000 74.000000
30 6 19853.000000 74.000000
7 10 7693.000000 26.000000
10 7 7693.000000 26.000000
7 30 5065.000000 101.000000
30 7 5065.000000 101.000000
8 14 43216.000000 96.000000
14 8 43216.000000 96.000000
8 20 33146.000000 113.000000
20 8 33146.000000 113.000000
8 28 23108.000000 71.000000
28 8 23108.000000 71.000000
8 29 27752.000000 118.000000
29 8 27752.000000 118.000000
8 30 44285.000000 79.000000
30 8 44285.000000 79.000000
9 11 25541.000000 99.000000
11 9 25541.000000 99.000000
9 20 1780.000000 106.000000
20 9 1780.000000 106.000000
9 29 6890.000000 26.000000
29 9 6890.000000 26.000000
10 13 61.000000 102.000000
13 10 61.000000 102.000000
10 28 5953.000000 46.000000
28 10 5953.000000 46.000000
11 20 16217.000000 84.000000
20 11 16217.000000 84.000000
11 28 52357.000000 99.000000
28 11 52357.000000 99.000000
12 14 107185.000000 100.000000
14 12 107185.000000 100.000000
12 21 24025.000000 99.000000
21 12 24025.000000 99.000000
13 27 20852.000000 28.000000
27 13 20852.000000 28.000000
13 28 4810.000000 31.000000
28 13 4810.000000 31.000000
14 16 15140.000000 99.000000
16 14 15140.000000 99.000000
14 21 44100.000000 79.000000
21 14 44100.000000 79.000000
14 22 49360.000000 46.000000
22 14 49360.000000 46.000000
14 29 51976.000000 95.000000
29 14 51976.000000 95.000000
14 30 73069.000000 61.000000
30 14 73069.000000 61.000000
15 18 680.000000 29.000000
18 15 680.000000 29.000000
15 27 3842.000000 75.000000
27 15 3842.000000 75.000000
15 28 12308.000000 74.000000
28 15 12308.000000 74.000000
16 21 14216.000000 66.000000
21 16 14216.000000 66.000000
16 26 1620.000000 102.000000
26 16 1620.000000 102.000000
17 25 12913.000000 117.000000
25 17 12913.000000 117.000000
17 30 21960.000000 36.000000
30 17 21960.000000 36.000000
18 27 1378.000000 34.000000
27 18 1378.000000 34.000000
19 22 31753.000000 55.000000
22 19 31753.000000 55.000000
19 24 33412.000000 76.000000
24 19 33412.000000 76.000000
19 26 77449.000000 119.000000
26 19 77449.000000 119.000000
20 28 60898.000000 95.000000
28 20 60898.000000 95.000000
20 29 9826.000000 45.000000
29 20 9826.000000 45.000000
22 26 46160.000000 62.000000
26 22 46160.000000 62.000000
22 30 33565.000000 32.000000
30 22 33565.000000 32.000000
23 25 35770.000000 35.000000
25 23 35770.000000 35.000000
23 27 16858.000000 113.000000
27 23 16858.000000 113.000000
25 30 19357.000000 65.000000
30 25 19357.000000 65.000000
27 28 19970.000000 68.000000
28 27 19970.000000 68.000000
1 6 4.000000
1 18 10.000000
2 22 4.000000
2 24 4.000000
2 27 9.000000
3 5 8.000000
3 17 9.000000
4 5 9.000000
4 14 4.000000
4 18 10.000000
4 21 9.000000
5 2 8.000000
5 16 10.000000
5 26 11.000000
6 19 9.000000
6 22 9.000000
6 30 11.000000
7 6 11.000000
7 13 6.000000
7 14 7.000000
8 7 11.000000
8 9 5.000000
8 10 4.000000
8 16 4.000000
8 22 8.000000
8 25 7.000000
8 26 4.000000
9 1 4.000000
9 20 7.000000
9 26 9.000000
9 30 6.000000
11 4 8.000000
11 6 11.000000
11 9 9.000000
11 16 4.000000
11 21 7.000000
11 22 11.000000
11 25 6.000000
11 27 5.000000
12 7 11.000000
13 7 7.000000
13 14 8.000000
13 16 6.000000
14 3 6.000000
14 8 6.000000
14 9 10.000000
14 15 6.000000
14 19 6.000000
14 22 10.000000
14 30 8.000000
15 24 7.000000
16 2 8.000000
16 5 7.000000
16 11 9.000000
16 13 9.000000
16 15 8.000000
17 2 11.000000
17 5 8.000000
17 10 10.000000
18 3 4.000000
18 11 5.000000
18 21 5.000000
19 7 4.000000
19 28 8.000000
20 6 4.000000
20 12 8.000000
20 13 11.000000
21 11 10.000000
21 17 5.000000
22 15 4.000000
23 9 8.000000
23 20 11.000000
23 22 7.000000
23 28 7.000000
24 14 9.000000
24 29 11.000000
25 7 6.000000
25 12 4.000000
25 26 11.000000
26 5 5.000000
26 12 11.000000
27 16 11.000000
27 26 9.000000
27 28 6.000000
28 3 11.000000
28 8 9.000000
29 3 5.000000
29 5 6.000000
29 19 10.000000
29 24 8.000000
30 1 7.000000
30 7 11.000000

