#Instance: 
100 532 1085 1.0
1 8 1184.000000 142.000000
8 1 1184.000000 142.000000
1 43 25362.000000 256.000000
43 1 25362.000000 256.000000
1 97 1682.000000 183.000000
97 1 1682.000000 183.000000
2 17 1301.000000 171.000000
17 2 1301.000000 171.000000
2 56 3793.000000 258.000000
56 2 3793.000000 258.000000
2 70 3026.000000 266.000000
70 2 3026.000000 266.000000
2 74 9565.000000 171.000000
74 2 9565.000000 171.000000
3 24 10064.000000 261.000000
24 3 10064.000000 261.000000
3 27 7829.000000 307.000000
27 3 7829.000000 307.000000
3 29 5125.000000 248.000000
29 3 5125.000000 248.000000
3 50 21860.000000 180.000000
50 3 21860.000000 180.000000
3 94 20666.000000 264.000000
94 3 20666.000000 264.000000
4 12 1780.000000 131.000000
12 4 1780.000000 131.000000
4 17 2186.000000 259.000000
17 4 2186.000000 259.000000
4 70 1289.000000 252.000000
70 4 1289.000000 252.000000
4 97 2817.000000 178.000000
97 4 2817.000000 178.000000
5 41 4072.000000 328.000000
41 5 4072.000000 328.000000
5 50 16529.000000 350.000000
50 5 16529.000000 350.000000
5 55 1940.000000 295.000000
55 5 1940.000000 295.000000
5 72 4810.000000 244.000000
72 5 4810.000000 244.000000
5 85 15581.000000 338.000000
85 5 15581.000000 338.000000
5 88 9685.000000 127.000000
88 5 9685.000000 127.000000
5 94 10825.000000 152.000000
94 5 10825.000000 152.000000
6 13 2113.000000 278.000000
13 6 2113.000000 278.000000
6 58 3061.000000 174.000000
58 6 3061.000000 174.000000
6 86 3341.000000 182.000000
86 6 3341.000000 182.000000
6 93 3940.000000 138.000000
93 6 3940.000000 138.000000
6 99 1700.000000 167.000000
99 6 1700.000000 167.000000
7 23 3250.000000 241.000000
23 7 3250.000000 241.000000
7 89 6001.000000 336.000000
89 7 6001.000000 336.000000
7 96 5013.000000 259.000000
96 7 5013.000000 259.000000
8 17 8501.000000 246.000000
17 8 8501.000000 246.000000
8 61 26585.000000 300.000000
61 8 26585.000000 300.000000
8 74 25085.000000 344.000000
74 8 25085.000000 344.000000
8 97 5122.000000 311.000000
97 8 5122.000000 311.000000
9 20 4021.000000 187.000000
20 9 4021.000000 187.000000
9 38 6884.000000 163.000000
38 9 6884.000000 163.000000
9 59 1296.000000 157.000000
59 9 1296.000000 157.000000
9 71 125.000000 267.000000
71 9 125.000000 267.000000
9 81 2097.000000 159.000000
81 9 2097.000000 159.000000
10 14 922.000000 286.000000
14 10 922.000000 286.000000
10 83 884.000000 341.000000
83 10 884.000000 341.000000
10 87 1989.000000 260.000000
87 10 1989.000000 260.000000
10 95 442.000000 238.000000
95 10 442.000000 238.000000
11 16 8144.000000 313.000000
16 11 8144.000000 313.000000
11 18 8537.000000 253.000000
18 11 8537.000000 253.000000
11 22 4365.000000 310.000000
22 11 4365.000000 310.000000
11 43 14653.000000 157.000000
43 11 14653.000000 157.000000
11 45 13786.000000 199.000000
45 11 13786.000000 199.000000
11 75 872.000000 309.000000
75 11 872.000000 309.000000
11 97 22313.000000 289.000000
97 11 22313.000000 289.000000
12 18 3881.000000 171.000000
18 12 3881.000000 171.000000
12 33 18050.000000 280.000000
33 12 18050.000000 280.000000
12 52 3769.000000 197.000000
52 12 3769.000000 197.000000
12 70 5185.000000 269.000000
70 12 5185.000000 269.000000
12 90 7072.000000 322.000000
90 12 7072.000000 322.000000
12 97 5473.000000 137.000000
97 12 5473.000000 137.000000
13 93 441.000000 323.000000
93 13 441.000000 323.000000
13 99 1913.000000 317.000000
99 13 1913.000000 317.000000
14 49 8282.000000 332.000000
49 14 8282.000000 332.000000
14 62 1205.000000 292.000000
62 14 1205.000000 292.000000
14 78 13858.000000 276.000000
78 14 13858.000000 276.000000
14 87 3025.000000 123.000000
87 14 3025.000000 123.000000
14 95 1800.000000 281.000000
95 14 1800.000000 281.000000
15 31 2516.000000 334.000000
31 15 2516.000000 334.000000
15 39 5057.000000 144.000000
39 15 5057.000000 144.000000
16 22 9341.000000 153.000000
22 16 9341.000000 153.000000
16 26 1061.000000 205.000000
26 16 1061.000000 205.000000
16 45 11074.000000 172.000000
45 16 11074.000000 172.000000
16 46 23752.000000 150.000000
46 16 23752.000000 150.000000
17 70 529.000000 159.000000
70 17 529.000000 159.000000
17 97 5501.000000 235.000000
97 17 5501.000000 235.000000
18 52 50.000000 158.000000
52 18 50.000000 158.000000
18 75 7693.000000 140.000000
75 18 7693.000000 140.000000
18 97 4468.000000 349.000000
97 18 4468.000000 349.000000
19 33 7760.000000 127.000000
33 19 7760.000000 127.000000
19 47 7501.000000 300.000000
47 19 7501.000000 300.000000
19 49 4745.000000 357.000000
49 19 4745.000000 357.000000
19 51 4913.000000 307.000000
51 19 4913.000000 307.000000
19 56 10642.000000 261.000000
56 19 10642.000000 261.000000
19 70 18125.000000 318.000000
70 19 18125.000000 318.000000
20 38 6865.000000 262.000000
38 20 6865.000000 262.000000
20 40 5290.000000 262.000000
40 20 5290.000000 262.000000
20 57 4786.000000 347.000000
57 20 4786.000000 347.000000
20 59 1717.000000 264.000000
59 20 1717.000000 264.000000
21 28 650.000000 189.000000
28 21 650.000000 189.000000
21 44 14825.000000 280.000000
44 21 14825.000000 280.000000
21 54 14036.000000 310.000000
54 21 14036.000000 310.000000
21 59 15725.000000 122.000000
59 21 15725.000000 122.000000
21 80 13241.000000 182.000000
80 21 13241.000000 182.000000
22 46 19945.000000 279.000000
46 22 19945.000000 279.000000
22 63 5924.000000 291.000000
63 22 5924.000000 291.000000
22 75 1889.000000 247.000000
75 22 1889.000000 247.000000
23 25 7633.000000 341.000000
25 23 7633.000000 341.000000
23 82 13513.000000 295.000000
82 23 13513.000000 295.000000
23 89 14033.000000 184.000000
89 23 14033.000000 184.000000
23 93 5877.000000 349.000000
93 23 5877.000000 349.000000
23 96 12541.000000 126.000000
96 23 12541.000000 126.000000
24 37 949.000000 302.000000
37 24 949.000000 302.000000
24 42 2450.000000 193.000000
42 24 2450.000000 193.000000
24 69 10420.000000 334.000000
69 24 10420.000000 334.000000
24 94 6866.000000 245.000000
94 24 6866.000000 245.000000
25 30 745.000000 199.000000
30 25 745.000000 199.000000
25 77 277.000000 187.000000
77 25 277.000000 187.000000
25 82 17056.000000 200.000000
82 25 17056.000000 200.000000
25 93 7618.000000 235.000000
93 25 7618.000000 235.000000
25 99 9490.000000 239.000000
99 25 9490.000000 239.000000
26 45 5485.000000 300.000000
45 26 5485.000000 300.000000
27 29 464.000000 160.000000
29 27 464.000000 160.000000
27 39 31028.000000 178.000000
39 27 31028.000000 178.000000
27 50 24557.000000 357.000000
50 27 24557.000000 357.000000
28 44 19845.000000 317.000000
44 28 19845.000000 317.000000
30 33 7745.000000 350.000000
33 30 7745.000000 350.000000
30 47 14824.000000 136.000000
47 30 14824.000000 136.000000
30 51 7696.000000 338.000000
51 30 7696.000000 338.000000
30 77 338.000000 287.000000
77 30 338.000000 287.000000
30 82 13633.000000 320.000000
82 30 13633.000000 320.000000
31 39 8541.000000 219.000000
39 31 8541.000000 219.000000
31 40 17984.000000 246.000000
40 31 17984.000000 246.000000
31 48 4514.000000 147.000000
48 31 4514.000000 147.000000
32 49 26441.000000 325.000000
49 32 26441.000000 325.000000
32 56 10418.000000 165.000000
56 32 10418.000000 165.000000
32 62 27098.000000 184.000000
62 32 27098.000000 184.000000
32 74 1906.000000 320.000000
74 32 1906.000000 320.000000
32 92 13858.000000 274.000000
92 32 13858.000000 274.000000
33 34 8082.000000 133.000000
34 33 8082.000000 133.000000
33 51 337.000000 244.000000
51 33 337.000000 244.000000
33 70 20765.000000 350.000000
70 33 20765.000000 350.000000
33 77 8577.000000 291.000000
77 33 8577.000000 291.000000
33 90 17522.000000 157.000000
90 33 17522.000000 157.000000
34 35 9161.000000 178.000000
35 34 9161.000000 178.000000
34 77 16425.000000 171.000000
77 34 16425.000000 171.000000
34 90 5864.000000 177.000000
90 34 5864.000000 177.000000
34 100 10229.000000 192.000000
100 34 10229.000000 192.000000
35 60 6932.000000 158.000000
60 35 6932.000000 158.000000
35 67 1325.000000 122.000000
67 35 1325.000000 122.000000
35 77 7376.000000 288.000000
77 35 7376.000000 288.000000
35 99 3593.000000 130.000000
99 35 3593.000000 130.000000
35 100 13914.000000 222.000000
100 35 13914.000000 222.000000
36 66 829.000000 222.000000
66 36 829.000000 222.000000
36 80 6885.000000 163.000000
80 36 6885.000000 163.000000
36 81 12682.000000 276.000000
81 36 12682.000000 276.000000
36 89 3728.000000 240.000000
89 36 3728.000000 240.000000
37 42 697.000000 329.000000
42 37 697.000000 329.000000
37 94 3721.000000 283.000000
94 37 3721.000000 283.000000
38 40 9809.000000 213.000000
40 38 9809.000000 213.000000
38 65 2749.000000 187.000000
65 38 2749.000000 187.000000
38 81 14165.000000 276.000000
81 38 14165.000000 276.000000
38 85 6253.000000 199.000000
85 38 6253.000000 199.000000
39 40 11645.000000 154.000000
40 39 11645.000000 154.000000
39 50 16045.000000 132.000000
50 39 16045.000000 132.000000
39 85 27857.000000 146.000000
85 39 27857.000000 146.000000
40 48 12946.000000 304.000000
48 40 12946.000000 304.000000
40 57 6212.000000 311.000000
57 40 6212.000000 311.000000
40 85 14164.000000 219.000000
85 40 14164.000000 219.000000
41 72 954.000000 268.000000
72 41 954.000000 268.000000
41 84 680.000000 266.000000
84 41 680.000000 266.000000
41 88 1385.000000 209.000000
88 41 1385.000000 209.000000
42 69 2818.000000 297.000000
69 42 2818.000000 297.000000
42 94 5760.000000 147.000000
94 42 5760.000000 147.000000
43 45 4005.000000 188.000000
45 43 4005.000000 188.000000
43 53 1565.000000 213.000000
53 43 1565.000000 213.000000
43 61 785.000000 178.000000
61 43 785.000000 178.000000
43 97 28100.000000 211.000000
97 43 28100.000000 211.000000
44 66 11386.000000 153.000000
66 44 11386.000000 153.000000
44 80 4292.000000 215.000000
80 44 4292.000000 215.000000
45 53 2498.000000 192.000000
53 45 2498.000000 192.000000
46 63 16573.000000 322.000000
63 46 16573.000000 322.000000
46 64 4756.000000 143.000000
64 46 4756.000000 143.000000
46 68 16405.000000 159.000000
68 46 16405.000000 159.000000
47 49 3770.000000 134.000000
49 47 3770.000000 134.000000
47 51 15880.000000 126.000000
51 47 15880.000000 126.000000
47 78 12434.000000 301.000000
78 47 12434.000000 301.000000
47 82 2885.000000 242.000000
82 47 2885.000000 242.000000
48 54 7610.000000 357.000000
54 48 7610.000000 357.000000
48 57 5746.000000 231.000000
57 48 5746.000000 231.000000
48 76 4253.000000 188.000000
76 48 4253.000000 188.000000
49 56 16105.000000 165.000000
56 49 16105.000000 165.000000
49 62 5353.000000 220.000000
62 49 5353.000000 220.000000
49 78 24272.000000 173.000000
78 49 24272.000000 173.000000
50 85 21524.000000 332.000000
85 50 21524.000000 332.000000
50 94 8714.000000 334.000000
94 50 8714.000000 334.000000
52 75 7001.000000 284.000000
75 52 7001.000000 284.000000
52 90 8497.000000 316.000000
90 52 8497.000000 316.000000
53 61 2890.000000 180.000000
61 53 2890.000000 180.000000
54 57 2384.000000 290.000000
57 54 2384.000000 290.000000
54 59 12337.000000 349.000000
59 54 12337.000000 349.000000
54 76 677.000000 276.000000
76 54 677.000000 276.000000
55 60 6784.000000 315.000000
60 55 6784.000000 315.000000
55 72 7090.000000 156.000000
72 55 7090.000000 156.000000
55 79 4552.000000 208.000000
79 55 4552.000000 208.000000
55 85 8077.000000 315.000000
85 55 8077.000000 315.000000
55 86 4520.000000 154.000000
86 55 4520.000000 154.000000
56 70 6185.000000 144.000000
70 56 6185.000000 144.000000
56 74 9140.000000 248.000000
74 56 9140.000000 248.000000
57 59 8825.000000 198.000000
59 57 8825.000000 198.000000
57 76 925.000000 198.000000
76 57 925.000000 198.000000
58 60 410.000000 290.000000
60 58 410.000000 290.000000
58 67 2753.000000 359.000000
67 58 2753.000000 359.000000
58 86 1250.000000 281.000000
86 58 1250.000000 281.000000
58 99 3181.000000 286.000000
99 58 3181.000000 286.000000
59 71 1565.000000 290.000000
71 59 1565.000000 290.000000
59 80 14404.000000 314.000000
80 59 14404.000000 314.000000
59 81 5121.000000 302.000000
81 59 5121.000000 302.000000
60 67 2257.000000 290.000000
67 60 2257.000000 290.000000
60 72 8306.000000 140.000000
72 60 8306.000000 140.000000
60 86 2600.000000 291.000000
86 60 2600.000000 291.000000
60 100 15170.000000 129.000000
100 60 15170.000000 129.000000
62 87 4538.000000 218.000000
87 62 4538.000000 218.000000
62 92 21716.000000 259.000000
92 62 21716.000000 259.000000
63 68 5930.000000 151.000000
68 63 5930.000000 151.000000
63 75 12325.000000 129.000000
75 63 12325.000000 129.000000
63 90 10361.000000 157.000000
90 63 10361.000000 157.000000
63 100 9028.000000 131.000000
100 63 9028.000000 131.000000
64 68 8185.000000 231.000000
68 64 8185.000000 231.000000
64 69 14984.000000 355.000000
69 64 14984.000000 355.000000
64 73 3853.000000 157.000000
73 64 3853.000000 157.000000
64 88 11412.000000 127.000000
88 64 11412.000000 127.000000
65 79 2593.000000 323.000000
79 65 2593.000000 323.000000
65 81 23882.000000 299.000000
81 65 23882.000000 299.000000
65 85 3204.000000 239.000000
85 65 3204.000000 239.000000
65 86 5953.000000 275.000000
86 65 5953.000000 275.000000
65 93 16628.000000 351.000000
93 65 16628.000000 351.000000
66 80 10306.000000 328.000000
80 66 10306.000000 328.000000
66 89 6725.000000 142.000000
89 66 6725.000000 142.000000
66 91 29186.000000 150.000000
91 66 29186.000000 150.000000
66 96 20969.000000 350.000000
96 66 20969.000000 350.000000
67 99 1768.000000 308.000000
99 67 1768.000000 308.000000
68 88 7585.000000 207.000000
88 68 7585.000000 207.000000
68 98 697.000000 145.000000
98 68 697.000000 145.000000
68 100 3994.000000 139.000000
100 68 3994.000000 139.000000
69 73 3769.000000 144.000000
73 69 3769.000000 144.000000
69 88 11972.000000 123.000000
88 69 11972.000000 123.000000
69 94 11554.000000 123.000000
94 69 11554.000000 123.000000
71 81 1268.000000 161.000000
81 71 1268.000000 161.000000
72 84 1730.000000 128.000000
84 72 1730.000000 128.000000
72 98 6781.000000 288.000000
98 72 6781.000000 288.000000
72 100 9280.000000 267.000000
100 72 9280.000000 267.000000
73 88 6577.000000 248.000000
88 73 6577.000000 248.000000
74 92 24968.000000 302.000000
92 74 24968.000000 302.000000
75 90 12916.000000 128.000000
90 75 12916.000000 128.000000
77 99 10953.000000 152.000000
99 77 10953.000000 152.000000
78 82 5661.000000 197.000000
82 78 5661.000000 197.000000
78 83 15860.000000 346.000000
83 78 15860.000000 346.000000
78 91 2720.000000 271.000000
91 78 2720.000000 271.000000
78 95 7858.000000 350.000000
95 78 7858.000000 350.000000
78 96 6625.000000 125.000000
96 78 6625.000000 125.000000
79 85 2209.000000 137.000000
85 79 2209.000000 137.000000
79 86 1616.000000 281.000000
86 79 1616.000000 281.000000
80 81 5185.000000 199.000000
81 80 5185.000000 199.000000
81 89 11570.000000 154.000000
89 81 11570.000000 154.000000
82 96 12058.000000 342.000000
96 82 12058.000000 342.000000
83 87 1193.000000 295.000000
87 83 1193.000000 295.000000
83 91 30500.000000 138.000000
91 83 30500.000000 138.000000
83 95 1690.000000 284.000000
95 83 1690.000000 284.000000
84 88 333.000000 310.000000
88 84 333.000000 310.000000
84 98 4673.000000 189.000000
98 84 4673.000000 189.000000
87 92 21530.000000 308.000000
92 87 21530.000000 308.000000
88 94 18050.000000 233.000000
94 88 18050.000000 233.000000
88 98 5666.000000 291.000000
98 88 5666.000000 291.000000
89 93 21320.000000 282.000000
93 89 21320.000000 282.000000
89 96 15688.000000 222.000000
96 89 15688.000000 222.000000
90 100 16913.000000 356.000000
100 90 16913.000000 356.000000
91 96 985.000000 231.000000
96 91 985.000000 231.000000
93 99 4160.000000 341.000000
99 93 4160.000000 341.000000
98 100 2205.000000 330.000000
100 98 2205.000000 330.000000
1 11 8.000000
1 47 6.000000
1 52 11.000000
1 55 11.000000
1 57 11.000000
1 65 4.000000
1 80 10.000000
1 81 8.000000
1 84 10.000000
1 98 11.000000
2 4 8.000000
2 16 11.000000
2 25 5.000000
2 29 3.000000
2 35 9.000000
2 40 4.000000
2 42 5.000000
2 43 7.000000
2 65 8.000000
2 82 6.000000
3 16 5.000000
3 33 6.000000
4 1 6.000000
4 9 5.000000
4 11 10.000000
4 16 5.000000
4 25 3.000000
4 56 7.000000
4 65 5.000000
4 95 10.000000
5 33 8.000000
5 42 7.000000
5 46 4.000000
5 75 10.000000
5 78 7.000000
5 83 11.000000
5 98 6.000000
5 99 9.000000
6 7 6.000000
6 11 5.000000
6 20 4.000000
6 23 2.000000
6 28 11.000000
6 33 11.000000
6 37 8.000000
6 40 5.000000
6 41 5.000000
6 52 3.000000
6 66 4.000000
6 68 6.000000
6 93 8.000000
7 48 5.000000
7 51 4.000000
7 67 4.000000
7 73 9.000000
7 81 4.000000
7 87 3.000000
7 89 11.000000
8 7 6.000000
8 34 11.000000
8 37 4.000000
8 46 8.000000
8 49 6.000000
8 50 7.000000
8 54 3.000000
8 56 9.000000
8 58 5.000000
8 60 7.000000
8 73 3.000000
8 78 2.000000
8 79 2.000000
8 88 6.000000
8 94 6.000000
8 98 7.000000
9 2 11.000000
9 3 9.000000
9 5 9.000000
9 28 9.000000
9 35 6.000000
9 39 4.000000
9 42 3.000000
9 45 7.000000
9 46 5.000000
9 52 9.000000
9 64 5.000000
9 66 4.000000
9 82 3.000000
9 86 6.000000
9 88 4.000000
9 96 5.000000
10 1 2.000000
10 24 10.000000
10 25 7.000000
10 28 8.000000
10 29 4.000000
10 41 4.000000
10 69 2.000000
10 73 2.000000
10 84 8.000000
11 13 4.000000
11 22 9.000000
11 26 11.000000
11 28 7.000000
11 30 6.000000
11 41 10.000000
11 50 9.000000
11 75 9.000000
11 87 3.000000
11 90 7.000000
11 95 2.000000
11 100 3.000000
12 25 2.000000
12 28 3.000000
12 38 10.000000
12 40 5.000000
12 55 10.000000
12 75 5.000000
12 79 7.000000
12 88 9.000000
12 100 7.000000
13 1 4.000000
13 4 10.000000
13 6 11.000000
13 39 7.000000
13 50 5.000000
13 65 5.000000
13 70 2.000000
13 86 9.000000
13 87 10.000000
13 88 8.000000
14 1 4.000000
14 4 4.000000
14 7 7.000000
14 12 6.000000
14 15 3.000000
14 21 11.000000
14 34 2.000000
14 36 11.000000
14 47 8.000000
14 53 9.000000
14 56 11.000000
14 63 8.000000
14 92 10.000000
14 97 9.000000
15 18 4.000000
15 29 7.000000
15 76 7.000000
15 87 11.000000
16 1 9.000000
16 11 8.000000
16 23 3.000000
16 29 3.000000
16 59 9.000000
16 68 9.000000
16 85 3.000000
16 91 8.000000
16 100 3.000000
17 2 5.000000
17 12 2.000000
17 25 8.000000
17 29 2.000000
17 30 4.000000
17 33 10.000000
17 38 5.000000
17 65 10.000000
17 67 2.000000
17 94 7.000000
17 95 5.000000
18 11 4.000000
18 29 10.000000
18 30 8.000000
18 40 7.000000
18 49 5.000000
18 74 5.000000
18 83 4.000000
18 89 3.000000
18 92 7.000000
18 96 6.000000
19 15 5.000000
19 28 8.000000
19 38 6.000000
19 42 10.000000
19 52 3.000000
19 79 4.000000
19 84 6.000000
19 92 11.000000
19 100 11.000000
20 4 4.000000
20 18 8.000000
20 40 11.000000
20 52 10.000000
20 56 10.000000
20 58 3.000000
20 72 8.000000
20 79 7.000000
20 88 2.000000
20 96 3.000000
20 97 6.000000
20 100 8.000000
21 2 4.000000
21 9 10.000000
21 20 4.000000
21 53 7.000000
21 58 2.000000
21 77 2.000000
21 83 11.000000
21 85 10.000000
21 87 8.000000
22 24 2.000000
22 35 8.000000
22 65 11.000000
22 67 5.000000
22 70 8.000000
22 90 8.000000
23 11 8.000000
23 40 7.000000
23 53 11.000000
23 56 5.000000
23 72 4.000000
23 89 11.000000
24 4 6.000000
24 10 8.000000
24 11 7.000000
24 18 4.000000
24 27 8.000000
24 42 11.000000
24 45 5.000000
24 58 8.000000
24 63 6.000000
24 65 2.000000
24 72 8.000000
24 76 6.000000
24 80 10.000000
25 1 8.000000
25 6 9.000000
25 12 7.000000
25 13 5.000000
25 29 10.000000
25 30 3.000000
25 34 10.000000
25 35 9.000000
25 52 2.000000
25 59 6.000000
25 80 8.000000
25 84 8.000000
25 90 7.000000
25 92 9.000000
26 30 6.000000
26 42 6.000000
26 55 7.000000
26 58 3.000000
26 77 4.000000
26 82 2.000000
26 87 11.000000
26 91 3.000000
26 93 2.000000
26 94 8.000000
26 99 5.000000
27 34 2.000000
27 40 8.000000
27 46 8.000000
27 49 5.000000
27 54 2.000000
27 61 10.000000
27 64 3.000000
27 68 8.000000
27 75 6.000000
27 88 3.000000
28 2 4.000000
28 5 6.000000
28 6 9.000000
28 35 10.000000
28 43 5.000000
28 47 5.000000
28 51 4.000000
28 57 11.000000
28 78 11.000000
28 79 10.000000
28 96 7.000000
28 98 11.000000
29 2 9.000000
29 16 6.000000
29 24 4.000000
29 25 2.000000
29 31 9.000000
29 51 3.000000
29 59 10.000000
29 69 3.000000
29 73 7.000000
29 82 4.000000
29 95 8.000000
29 96 4.000000
30 3 2.000000
30 16 2.000000
30 20 9.000000
30 40 7.000000
30 42 10.000000
30 43 11.000000
30 49 6.000000
30 59 8.000000
30 64 5.000000
30 65 10.000000
30 67 11.000000
30 70 11.000000
30 72 11.000000
30 74 3.000000
30 89 9.000000
30 94 2.000000
31 1 10.000000
31 10 10.000000
31 16 6.000000
31 47 2.000000
31 51 9.000000
31 69 10.000000
31 78 11.000000
31 81 4.000000
31 86 6.000000
32 14 9.000000
32 34 6.000000
32 37 2.000000
32 44 6.000000
32 47 9.000000
32 58 9.000000
32 61 8.000000
32 66 4.000000
32 71 10.000000
32 78 3.000000
32 80 7.000000
32 83 4.000000
32 85 8.000000
33 21 7.000000
33 28 5.000000
33 42 4.000000
33 48 3.000000
33 60 8.000000
33 61 5.000000
33 70 6.000000
33 87 10.000000
33 93 4.000000
33 95 11.000000
33 98 3.000000
34 4 3.000000
34 12 6.000000
34 18 8.000000
34 22 2.000000
34 39 3.000000
34 43 8.000000
34 50 4.000000
34 58 8.000000
34 85 4.000000
35 6 4.000000
35 14 11.000000
35 37 8.000000
35 47 11.000000
35 57 7.000000
35 70 8.000000
35 71 3.000000
35 78 9.000000
35 79 10.000000
35 84 3.000000
35 87 7.000000
35 100 10.000000
36 2 5.000000
36 3 9.000000
36 23 7.000000
36 25 11.000000
36 35 7.000000
36 44 7.000000
36 53 9.000000
36 54 6.000000
36 65 8.000000
36 72 2.000000
37 20 5.000000
37 30 4.000000
37 33 8.000000
37 35 4.000000
37 39 7.000000
37 45 8.000000
37 49 7.000000
37 66 10.000000
37 91 5.000000
37 93 6.000000
37 94 8.000000
37 97 6.000000
38 22 9.000000
38 28 3.000000
38 32 4.000000
38 34 2.000000
38 55 2.000000
38 63 9.000000
38 73 2.000000
38 89 6.000000
38 91 4.000000
38 96 2.000000
38 100 10.000000
39 12 2.000000
39 34 3.000000
39 37 7.000000
39 41 10.000000
39 44 4.000000
39 51 2.000000
39 70 7.000000
39 80 4.000000
39 95 3.000000
39 98 4.000000
40 3 7.000000
40 25 6.000000
40 34 6.000000
40 45 6.000000
40 51 10.000000
40 58 10.000000
40 76 4.000000
40 89 2.000000
41 27 7.000000
41 46 8.000000
41 67 9.000000
41 85 5.000000
41 86 8.000000
41 90 11.000000
41 97 8.000000
42 15 6.000000
42 18 10.000000
42 19 10.000000
42 30 3.000000
42 34 4.000000
42 40 10.000000
42 41 4.000000
42 44 4.000000
42 45 3.000000
42 47 3.000000
42 57 2.000000
42 72 8.000000
42 86 9.000000
43 1 4.000000
43 37 9.000000
43 42 9.000000
43 45 11.000000
43 50 6.000000
43 57 3.000000
43 58 5.000000
43 71 4.000000
43 76 10.000000
43 78 9.000000
43 80 5.000000
43 91 2.000000
43 92 9.000000
43 99 6.000000
44 4 6.000000
44 8 2.000000
44 14 5.000000
44 22 2.000000
44 29 2.000000
44 32 3.000000
44 49 8.000000
44 50 5.000000
44 52 5.000000
44 66 4.000000
44 70 11.000000
44 77 11.000000
44 80 4.000000
44 81 5.000000
44 83 6.000000
44 89 9.000000
45 6 4.000000
45 9 3.000000
45 18 2.000000
45 19 10.000000
45 30 2.000000
45 35 6.000000
45 36 5.000000
45 61 6.000000
45 63 11.000000
45 93 5.000000
46 15 3.000000
46 16 10.000000
46 20 7.000000
46 22 5.000000
46 35 5.000000
46 36 7.000000
46 67 11.000000
46 79 11.000000
46 84 2.000000
46 92 2.000000
46 97 5.000000
47 8 6.000000
47 17 11.000000
47 22 8.000000
47 23 10.000000
47 24 3.000000
47 40 5.000000
47 59 2.000000
47 64 5.000000
47 68 6.000000
47 71 10.000000
47 77 3.000000
47 85 5.000000
48 7 2.000000
48 35 6.000000
48 38 10.000000
48 47 10.000000
48 54 10.000000
48 82 10.000000
48 87 3.000000
48 89 2.000000
49 24 7.000000
49 25 4.000000
49 39 11.000000
49 48 2.000000
49 51 3.000000
49 57 3.000000
49 66 8.000000
49 70 2.000000
49 92 2.000000
49 96 2.000000
50 35 8.000000
50 39 8.000000
50 41 3.000000
50 47 7.000000
50 56 3.000000
50 60 5.000000
50 72 10.000000
50 88 4.000000
50 90 2.000000
50 91 6.000000
50 92 8.000000
50 93 3.000000
50 100 4.000000
51 18 3.000000
51 40 4.000000
51 43 8.000000
51 52 11.000000
51 55 8.000000
51 63 2.000000
51 65 7.000000
51 73 4.000000
51 81 8.000000
51 87 5.000000
51 90 11.000000
51 96 10.000000
52 11 2.000000
52 75 4.000000
52 88 7.000000
53 1 10.000000
53 4 9.000000
53 17 8.000000
53 34 2.000000
53 73 9.000000
53 83 7.000000
53 88 4.000000
54 5 6.000000
54 8 4.000000
54 30 7.000000
54 68 4.000000
54 72 3.000000
54 73 9.000000
54 93 8.000000
54 94 11.000000
54 96 6.000000
54 100 5.000000
55 6 11.000000
55 9 5.000000
55 16 4.000000
55 18 8.000000
55 30 7.000000
55 43 5.000000
55 47 2.000000
55 72 10.000000
55 88 8.000000
55 90 7.000000
55 93 7.000000
56 25 8.000000
56 31 6.000000
56 35 9.000000
56 38 10.000000
56 45 2.000000
56 53 4.000000
56 60 4.000000
56 71 6.000000
56 73 8.000000
56 74 10.000000
56 75 11.000000
56 78 2.000000
56 84 10.000000
56 100 5.000000
57 9 9.000000
57 28 6.000000
57 58 9.000000
57 60 4.000000
57 87 10.000000
57 96 2.000000
57 99 5.000000
58 5 8.000000
58 18 6.000000
58 28 8.000000
58 33 8.000000
58 41 7.000000
58 44 6.000000
58 60 3.000000
58 69 6.000000
58 72 11.000000
58 77 9.000000
58 79 9.000000
58 97 3.000000
58 100 10.000000
59 6 2.000000
59 15 11.000000
59 18 3.000000
59 27 3.000000
59 31 8.000000
59 46 4.000000
59 56 3.000000
59 63 2.000000
59 66 7.000000
59 92 5.000000
60 1 3.000000
60 3 5.000000
60 18 5.000000
60 19 10.000000
60 26 5.000000
60 31 6.000000
60 41 9.000000
60 42 9.000000
60 46 3.000000
60 52 8.000000
60 56 8.000000
60 59 8.000000
60 66 7.000000
60 83 7.000000
60 90 2.000000
60 92 5.000000
60 96 2.000000
61 2 6.000000
61 8 2.000000
61 11 11.000000
61 24 6.000000
61 39 9.000000
61 49 4.000000
61 87 7.000000
62 16 2.000000
62 48 5.000000
62 55 10.000000
62 67 11.000000
62 76 5.000000
62 78 7.000000
62 89 7.000000
62 99 9.000000
63 4 5.000000
63 10 11.000000
63 14 8.000000
63 16 5.000000
63 21 4.000000
63 30 8.000000
63 37 10.000000
63 42 5.000000
63 77 4.000000
63 84 2.000000
63 96 2.000000
63 97 7.000000
64 2 7.000000
64 14 2.000000
64 15 9.000000
64 17 9.000000
64 18 9.000000
64 39 8.000000
64 40 3.000000
64 42 4.000000
64 43 8.000000
64 46 9.000000
64 54 7.000000
64 56 11.000000
64 57 10.000000
64 69 11.000000
64 72 5.000000
64 73 4.000000
65 4 9.000000
65 5 5.000000
65 9 5.000000
65 12 9.000000
65 17 4.000000
65 24 5.000000
65 28 11.000000
65 30 4.000000
65 35 2.000000
65 52 3.000000
65 57 11.000000
65 62 3.000000
65 66 4.000000
65 67 7.000000
65 68 7.000000
65 69 5.000000
65 71 5.000000
65 83 11.000000
66 7 5.000000
66 23 5.000000
66 24 2.000000
66 37 3.000000
66 41 11.000000
66 44 9.000000
66 47 7.000000
66 56 3.000000
66 59 4.000000
66 60 5.000000
66 84 3.000000
66 88 2.000000
66 92 5.000000
66 100 11.000000
67 13 8.000000
67 19 6.000000
67 23 11.000000
67 37 5.000000
67 42 3.000000
67 43 5.000000
67 47 2.000000
67 60 3.000000
67 64 10.000000
67 86 7.000000
67 95 8.000000
68 4 6.000000
68 31 10.000000
68 38 10.000000
68 42 7.000000
68 43 11.000000
68 54 11.000000
68 64 8.000000
68 70 2.000000
68 93 9.000000
69 20 4.000000
69 26 9.000000
69 33 8.000000
69 34 7.000000
69 42 9.000000
69 65 8.000000
69 71 5.000000
69 81 5.000000
69 90 6.000000
69 95 8.000000
70 2 3.000000
70 12 3.000000
70 13 3.000000
70 20 3.000000
70 26 9.000000
70 31 3.000000
70 37 5.000000
70 51 8.000000
70 66 8.000000
70 68 10.000000
70 75 4.000000
70 79 5.000000
70 80 3.000000
70 87 6.000000
70 91 4.000000
71 6 8.000000
71 17 2.000000
71 24 9.000000
71 35 7.000000
71 36 7.000000
71 37 3.000000
71 46 4.000000
71 55 8.000000
71 61 9.000000
71 62 8.000000
71 81 8.000000
71 87 10.000000
71 91 4.000000
71 94 6.000000
71 95 8.000000
72 6 8.000000
72 10 11.000000
72 22 3.000000
72 41 5.000000
72 45 3.000000
72 52 7.000000
72 54 8.000000
72 59 2.000000
72 61 9.000000
72 66 10.000000
72 76 9.000000
72 99 11.000000
73 1 10.000000
73 2 10.000000
73 12 6.000000
73 16 2.000000
73 19 9.000000
73 20 8.000000
73 56 11.000000
73 62 9.000000
73 70 6.000000
73 87 6.000000
74 12 5.000000
74 17 9.000000
74 48 11.000000
74 58 3.000000
74 65 9.000000
74 68 11.000000
74 92 2.000000
74 94 8.000000
74 96 6.000000
74 99 10.000000
75 6 6.000000
75 9 6.000000
75 17 7.000000
75 60 7.000000
75 62 5.000000
75 85 4.000000
75 90 7.000000
75 99 2.000000
76 10 5.000000
76 25 8.000000
76 45 6.000000
76 67 10.000000
76 73 6.000000
76 83 11.000000
76 88 5.000000
76 90 9.000000
77 16 2.000000
77 34 3.000000
77 35 11.000000
77 50 6.000000
77 51 8.000000
77 56 3.000000
77 59 8.000000
77 64 11.000000
77 69 7.000000
77 86 3.000000
77 87 7.000000
77 92 7.000000
77 97 7.000000
77 99 8.000000
78 8 4.000000
78 43 10.000000
78 52 3.000000
78 55 6.000000
78 60 3.000000
78 61 11.000000
78 80 10.000000
78 82 3.000000
78 99 3.000000
79 4 7.000000
79 6 7.000000
79 7 3.000000
79 11 3.000000
79 19 9.000000
79 37 11.000000
79 65 6.000000
79 66 10.000000
79 68 3.000000
79 77 5.000000
79 83 3.000000
79 85 2.000000
79 87 3.000000
79 90 10.000000
80 5 5.000000
80 6 3.000000
80 8 5.000000
80 9 3.000000
80 22 4.000000
80 28 10.000000
80 44 2.000000
80 48 8.000000
80 60 4.000000
80 66 10.000000
80 81 9.000000
80 88 11.000000
80 99 4.000000
81 4 11.000000
81 5 8.000000
81 18 8.000000
81 27 10.000000
81 28 3.000000
81 32 2.000000
81 40 6.000000
81 42 6.000000
81 50 10.000000
81 55 5.000000
81 63 3.000000
81 96 10.000000
82 2 4.000000
82 22 6.000000
82 30 3.000000
82 45 9.000000
82 50 4.000000
82 58 6.000000
82 64 2.000000
82 90 9.000000
82 93 7.000000
83 8 4.000000
83 9 5.000000
83 16 4.000000
83 31 7.000000
83 38 6.000000
83 45 7.000000
83 57 9.000000
83 87 11.000000
84 5 10.000000
84 7 4.000000
84 9 9.000000
84 14 6.000000
84 16 2.000000
84 18 9.000000
84 27 3.000000
84 31 8.000000
84 37 11.000000
84 40 10.000000
84 44 10.000000
84 52 7.000000
84 58 3.000000
84 65 9.000000
84 72 11.000000
84 91 5.000000
85 17 2.000000
85 20 2.000000
85 22 8.000000
85 33 10.000000
85 51 5.000000
85 66 2.000000
85 74 4.000000
85 79 11.000000
85 91 3.000000
86 4 9.000000
86 13 9.000000
86 17 4.000000
86 23 11.000000
86 51 3.000000
86 53 9.000000
86 60 9.000000
86 69 8.000000
86 71 6.000000
86 79 11.000000
86 84 11.000000
86 91 10.000000
87 11 4.000000
87 18 4.000000
87 27 2.000000
87 28 4.000000
87 36 7.000000
87 39 10.000000
87 54 10.000000
87 64 8.000000
87 67 6.000000
87 79 9.000000
87 95 4.000000
87 98 8.000000
88 5 8.000000
88 13 10.000000
88 41 6.000000
88 48 7.000000
88 52 4.000000
88 55 5.000000
88 72 6.000000
88 78 5.000000
88 86 9.000000
89 6 5.000000
89 9 2.000000
89 11 5.000000
89 34 8.000000
89 51 3.000000
89 79 7.000000
89 82 9.000000
89 83 3.000000
89 84 4.000000
89 86 3.000000
89 88 11.000000
89 90 8.000000
89 95 9.000000
89 100 8.000000
90 2 2.000000
90 9 11.000000
90 45 9.000000
90 50 5.000000
90 62 9.000000
90 69 5.000000
91 3 5.000000
91 12 3.000000
91 13 7.000000
91 32 6.000000
91 35 6.000000
91 38 8.000000
91 45 5.000000
91 48 9.000000
91 64 7.000000
91 71 4.000000
91 72 9.000000
91 88 8.000000
91 89 8.000000
92 8 9.000000
92 20 10.000000
92 38 2.000000
92 40 7.000000
92 46 9.000000
92 47 9.000000
92 49 4.000000
92 56 7.000000
92 61 8.000000
92 71 3.000000
93 11 9.000000
93 21 9.000000
93 30 10.000000
93 41 3.000000
93 42 10.000000
93 47 6.000000
93 63 5.000000
93 84 5.000000
94 5 2.000000
94 8 5.000000
94 28 11.000000
94 48 7.000000
94 64 4.000000
94 65 10.000000
94 68 7.000000
94 76 3.000000
94 84 2.000000
94 86 10.000000
95 6 7.000000
95 7 9.000000
95 14 3.000000
95 29 6.000000
95 34 4.000000
95 35 10.000000
95 37 9.000000
95 44 10.000000
95 65 5.000000
95 66 6.000000
95 67 9.000000
95 68 11.000000
95 77 10.000000
95 78 5.000000
95 84 11.000000
95 99 9.000000
95 100 7.000000
96 7 5.000000
96 22 5.000000
96 33 4.000000
96 45 11.000000
96 50 5.000000
96 60 9.000000
96 65 3.000000
96 73 10.000000
96 75 4.000000
96 79 11.000000
96 92 8.000000
97 13 6.000000
97 25 9.000000
97 27 4.000000
97 35 8.000000
97 38 10.000000
97 45 6.000000
97 52 6.000000
97 81 3.000000
97 91 2.000000
97 93 4.000000
98 12 7.000000
98 17 10.000000
98 19 11.000000
98 21 11.000000
98 28 4.000000
98 40 7.000000
98 44 5.000000
98 45 5.000000
98 46 11.000000
98 53 11.000000
98 61 5.000000
98 67 5.000000
99 11 3.000000
99 19 8.000000
99 23 10.000000
99 32 3.000000
99 34 7.000000
99 35 2.000000
99 41 2.000000
99 44 5.000000
99 57 11.000000
99 86 5.000000
99 87 6.000000
99 90 2.000000
99 98 5.000000
100 4 4.000000
100 15 4.000000
100 26 7.000000
100 41 2.000000
100 65 11.000000
100 66 4.000000
100 73 3.000000
100 75 7.000000
100 83 9.000000
100 84 5.000000

