#Instance: 
80 440 543 1.0
1 18 1850.000000 127.000000
18 1 1850.000000 127.000000
1 64 27297.000000 57.000000
64 1 27297.000000 57.000000
1 71 13949.000000 98.000000
71 1 13949.000000 98.000000
1 77 8528.000000 87.000000
77 1 8528.000000 87.000000
1 79 13940.000000 56.000000
79 1 13940.000000 56.000000
2 19 44602.000000 103.000000
19 2 44602.000000 103.000000
2 27 5690.000000 57.000000
27 2 5690.000000 57.000000
2 43 18845.000000 198.000000
43 2 18845.000000 198.000000
2 65 69813.000000 180.000000
65 2 69813.000000 180.000000
2 70 12618.000000 197.000000
70 2 12618.000000 197.000000
3 9 71594.000000 169.000000
9 3 71594.000000 169.000000
3 17 35460.000000 100.000000
17 3 35460.000000 100.000000
3 19 190825.000000 148.000000
19 3 190825.000000 148.000000
3 23 10250.000000 172.000000
23 3 10250.000000 172.000000
3 50 73805.000000 165.000000
50 3 73805.000000 165.000000
3 73 3466.000000 158.000000
73 3 3466.000000 158.000000
4 26 14549.000000 165.000000
26 4 14549.000000 165.000000
4 40 1970.000000 54.000000
40 4 1970.000000 54.000000
4 46 43441.000000 62.000000
46 4 43441.000000 62.000000
4 55 22997.000000 130.000000
55 4 22997.000000 130.000000
4 68 40456.000000 140.000000
68 4 40456.000000 140.000000
5 12 23965.000000 88.000000
12 5 23965.000000 88.000000
5 36 33332.000000 93.000000
36 5 33332.000000 93.000000
5 41 11002.000000 182.000000
41 5 11002.000000 182.000000
5 57 4625.000000 80.000000
57 5 4625.000000 80.000000
5 64 26269.000000 179.000000
64 5 26269.000000 179.000000
5 75 20453.000000 145.000000
75 5 20453.000000 145.000000
5 79 19058.000000 192.000000
79 5 19058.000000 192.000000
6 14 13313.000000 129.000000
14 6 13313.000000 129.000000
6 25 10706.000000 110.000000
25 6 10706.000000 110.000000
6 30 10865.000000 126.000000
30 6 10865.000000 126.000000
6 44 13220.000000 131.000000
44 6 13220.000000 131.000000
6 62 8585.000000 127.000000
62 6 8585.000000 127.000000
7 10 214730.000000 76.000000
10 7 214730.000000 76.000000
7 29 6833.000000 163.000000
29 7 6833.000000 163.000000
7 33 12506.000000 164.000000
33 7 12506.000000 164.000000
7 48 25562.000000 140.000000
48 7 25562.000000 140.000000
7 53 450.000000 158.000000
53 7 450.000000 158.000000
7 72 89297.000000 84.000000
72 7 89297.000000 84.000000
8 48 3329.000000 82.000000
48 8 3329.000000 82.000000
8 72 17620.000000 164.000000
72 8 17620.000000 164.000000
8 74 4673.000000 110.000000
74 8 4673.000000 110.000000
9 23 32724.000000 138.000000
23 9 32724.000000 138.000000
9 34 23629.000000 184.000000
34 9 23629.000000 184.000000
9 55 14500.000000 134.000000
55 9 14500.000000 134.000000
9 73 44356.000000 197.000000
73 9 44356.000000 197.000000
9 75 17972.000000 98.000000
75 9 17972.000000 98.000000
10 15 14645.000000 191.000000
15 10 14645.000000 191.000000
10 43 30685.000000 131.000000
43 10 30685.000000 131.000000
10 65 15877.000000 59.000000
65 10 15877.000000 59.000000
10 72 34969.000000 104.000000
72 10 34969.000000 104.000000
10 78 8730.000000 131.000000
78 10 8730.000000 131.000000
11 13 3077.000000 84.000000
13 11 3077.000000 84.000000
11 38 13234.000000 138.000000
38 11 13234.000000 138.000000
11 41 16466.000000 64.000000
41 11 16466.000000 64.000000
11 55 3485.000000 80.000000
55 11 3485.000000 80.000000
11 75 18329.000000 75.000000
75 11 18329.000000 75.000000
12 21 2048.000000 63.000000
21 12 2048.000000 63.000000
12 36 31601.000000 52.000000
36 12 31601.000000 52.000000
12 61 11197.000000 131.000000
61 12 11197.000000 131.000000
12 64 1970.000000 104.000000
64 12 1970.000000 104.000000
13 38 6245.000000 183.000000
38 13 6245.000000 183.000000
13 40 4765.000000 75.000000
40 13 4765.000000 75.000000
13 55 10656.000000 178.000000
55 13 10656.000000 178.000000
14 18 16900.000000 84.000000
18 14 16900.000000 84.000000
14 44 6165.000000 56.000000
44 14 6165.000000 56.000000
14 60 18450.000000 84.000000
60 14 18450.000000 84.000000
14 62 32042.000000 153.000000
62 14 32042.000000 153.000000
14 74 32912.000000 181.000000
74 14 32912.000000 181.000000
14 77 6890.000000 80.000000
77 14 6890.000000 80.000000
15 65 34.000000 151.000000
65 15 34.000000 151.000000
15 78 7853.000000 157.000000
78 15 7853.000000 157.000000
16 17 2152.000000 116.000000
17 16 2152.000000 116.000000
16 34 353.000000 67.000000
34 16 353.000000 67.000000
16 36 929.000000 164.000000
36 16 929.000000 164.000000
17 23 11570.000000 179.000000
23 17 11570.000000 179.000000
17 34 3445.000000 117.000000
34 17 3445.000000 117.000000
17 36 4645.000000 187.000000
36 17 4645.000000 187.000000
17 50 9605.000000 167.000000
50 17 9605.000000 167.000000
17 61 10573.000000 92.000000
61 17 10573.000000 92.000000
18 27 19796.000000 48.000000
27 18 19796.000000 48.000000
18 43 30073.000000 66.000000
43 18 30073.000000 66.000000
18 60 17410.000000 89.000000
60 18 17410.000000 89.000000
18 71 20313.000000 58.000000
71 18 20313.000000 58.000000
18 77 12610.000000 129.000000
77 18 12610.000000 129.000000
19 45 3872.000000 88.000000
45 19 3872.000000 88.000000
19 49 5410.000000 156.000000
49 19 5410.000000 156.000000
19 50 32740.000000 67.000000
50 19 32740.000000 67.000000
19 70 16840.000000 82.000000
70 19 16840.000000 82.000000
20 26 3730.000000 84.000000
26 20 3730.000000 84.000000
20 37 15986.000000 111.000000
37 20 15986.000000 111.000000
20 38 2425.000000 98.000000
38 20 2425.000000 98.000000
20 41 10529.000000 145.000000
41 20 10529.000000 145.000000
20 47 20410.000000 68.000000
47 20 20410.000000 68.000000
20 58 1184.000000 50.000000
58 20 1184.000000 50.000000
20 80 8784.000000 83.000000
80 20 8784.000000 83.000000
21 49 3313.000000 142.000000
49 21 3313.000000 142.000000
21 50 16913.000000 165.000000
50 21 16913.000000 165.000000
21 61 15613.000000 105.000000
61 21 15613.000000 105.000000
21 64 1970.000000 120.000000
64 21 1970.000000 120.000000
22 29 21445.000000 72.000000
29 22 21445.000000 72.000000
22 32 20722.000000 151.000000
32 22 20722.000000 151.000000
22 33 7712.000000 92.000000
33 22 7712.000000 92.000000
22 51 41296.000000 84.000000
51 22 41296.000000 84.000000
22 59 22745.000000 88.000000
59 22 22745.000000 88.000000
22 62 8906.000000 148.000000
62 22 8906.000000 148.000000
23 34 11281.000000 163.000000
34 23 11281.000000 163.000000
23 73 2056.000000 167.000000
73 23 2056.000000 167.000000
24 28 2353.000000 108.000000
28 24 2353.000000 108.000000
24 37 4586.000000 167.000000
37 24 4586.000000 167.000000
24 80 1156.000000 87.000000
80 24 1156.000000 87.000000
25 30 8109.000000 125.000000
30 25 8109.000000 125.000000
25 35 2785.000000 143.000000
35 25 2785.000000 143.000000
25 37 5960.000000 185.000000
37 25 5960.000000 185.000000
25 44 9802.000000 172.000000
44 25 9802.000000 172.000000
25 47 7760.000000 126.000000
47 25 7760.000000 126.000000
26 38 3985.000000 60.000000
38 26 3985.000000 60.000000
26 40 5993.000000 121.000000
40 26 5993.000000 121.000000
26 68 13465.000000 79.000000
68 26 13465.000000 79.000000
26 80 12538.000000 66.000000
80 26 12538.000000 66.000000
27 43 19993.000000 159.000000
43 27 19993.000000 159.000000
27 70 2132.000000 188.000000
70 27 2132.000000 188.000000
27 71 12473.000000 69.000000
71 27 12473.000000 69.000000
28 31 2597.000000 96.000000
31 28 2597.000000 96.000000
28 37 965.000000 82.000000
37 28 965.000000 82.000000
28 66 2740.000000 71.000000
66 28 2740.000000 71.000000
28 80 3033.000000 171.000000
80 28 3033.000000 171.000000
29 32 8149.000000 149.000000
32 29 8149.000000 149.000000
29 33 12493.000000 154.000000
33 29 12493.000000 154.000000
29 39 6500.000000 150.000000
39 29 6500.000000 150.000000
29 53 5717.000000 140.000000
53 29 5717.000000 140.000000
30 31 8609.000000 123.000000
31 30 8609.000000 123.000000
30 37 3185.000000 99.000000
37 30 3185.000000 99.000000
30 59 16133.000000 153.000000
59 30 16133.000000 153.000000
30 62 21754.000000 99.000000
62 30 21754.000000 99.000000
30 63 11624.000000 49.000000
63 30 11624.000000 49.000000
30 66 212.000000 146.000000
66 30 212.000000 146.000000
31 42 3728.000000 164.000000
42 31 3728.000000 164.000000
31 52 32500.000000 174.000000
52 31 32500.000000 174.000000
31 59 28744.000000 72.000000
59 31 28744.000000 72.000000
31 66 6205.000000 55.000000
66 31 6205.000000 55.000000
31 67 7738.000000 117.000000
67 31 7738.000000 117.000000
31 80 1640.000000 83.000000
80 31 1640.000000 83.000000
32 39 641.000000 175.000000
39 32 641.000000 175.000000
32 51 42426.000000 48.000000
51 32 42426.000000 48.000000
33 48 13896.000000 103.000000
48 33 13896.000000 103.000000
33 53 8228.000000 180.000000
53 33 8228.000000 180.000000
33 62 25930.000000 88.000000
62 33 25930.000000 88.000000
33 74 17620.000000 59.000000
74 33 17620.000000 59.000000
34 36 1744.000000 75.000000
36 34 1744.000000 75.000000
34 75 15185.000000 52.000000
75 34 15185.000000 52.000000
35 44 6445.000000 72.000000
44 35 6445.000000 72.000000
35 47 3497.000000 75.000000
47 35 3497.000000 75.000000
35 79 4930.000000 49.000000
79 35 4930.000000 49.000000
36 61 13466.000000 109.000000
61 36 13466.000000 109.000000
36 75 11513.000000 126.000000
75 36 11513.000000 126.000000
37 47 14408.000000 135.000000
47 37 14408.000000 135.000000
37 66 2249.000000 152.000000
66 37 2249.000000 152.000000
38 40 11602.000000 157.000000
40 38 11602.000000 157.000000
38 41 6176.000000 142.000000
41 38 6176.000000 142.000000
38 58 545.000000 139.000000
58 38 545.000000 139.000000
39 51 52757.000000 91.000000
51 39 52757.000000 91.000000
40 55 23365.000000 81.000000
55 40 23365.000000 81.000000
41 47 15877.000000 66.000000
47 41 15877.000000 66.000000
41 57 3161.000000 185.000000
57 41 3161.000000 185.000000
41 58 5193.000000 130.000000
58 41 5193.000000 130.000000
41 75 14545.000000 114.000000
75 41 14545.000000 114.000000
41 79 46280.000000 159.000000
79 41 46280.000000 159.000000
42 67 850.000000 65.000000
67 42 850.000000 65.000000
42 68 305.000000 111.000000
68 42 305.000000 111.000000
42 80 3240.000000 64.000000
80 42 3240.000000 64.000000
43 54 13625.000000 120.000000
54 43 13625.000000 120.000000
43 60 24309.000000 150.000000
60 43 24309.000000 150.000000
43 72 23018.000000 127.000000
72 43 23018.000000 127.000000
43 78 20605.000000 126.000000
78 43 20605.000000 126.000000
44 77 1205.000000 194.000000
77 44 1205.000000 194.000000
44 79 5553.000000 170.000000
79 44 5553.000000 170.000000
45 49 2066.000000 145.000000
49 45 2066.000000 145.000000
45 70 5576.000000 68.000000
70 45 5576.000000 68.000000
45 71 1613.000000 149.000000
71 45 1613.000000 149.000000
46 56 4729.000000 91.000000
56 46 4729.000000 91.000000
46 68 22997.000000 48.000000
68 46 22997.000000 48.000000
46 76 2260.000000 192.000000
76 46 2260.000000 192.000000
47 79 10369.000000 151.000000
79 47 10369.000000 151.000000
48 74 580.000000 69.000000
74 48 580.000000 69.000000
49 50 35186.000000 136.000000
50 49 35186.000000 136.000000
49 64 3341.000000 85.000000
64 49 3341.000000 85.000000
49 71 2385.000000 181.000000
71 49 2385.000000 181.000000
50 61 26.000000 161.000000
61 50 26.000000 161.000000
51 52 59705.000000 75.000000
52 51 59705.000000 75.000000
51 56 95348.000000 83.000000
56 51 95348.000000 83.000000
51 59 19009.000000 51.000000
59 51 19009.000000 51.000000
52 56 5321.000000 131.000000
56 52 5321.000000 131.000000
52 59 61540.000000 106.000000
59 52 61540.000000 106.000000
52 67 13394.000000 98.000000
67 52 13394.000000 98.000000
52 69 1093.000000 152.000000
69 52 1093.000000 152.000000
52 76 5450.000000 188.000000
76 52 5450.000000 188.000000
54 60 3218.000000 84.000000
60 54 3218.000000 84.000000
54 72 5021.000000 128.000000
72 54 5021.000000 128.000000
55 75 25096.000000 137.000000
75 55 25096.000000 137.000000
56 69 2050.000000 92.000000
69 56 2050.000000 92.000000
56 76 4901.000000 170.000000
76 56 4901.000000 170.000000
57 75 7684.000000 131.000000
75 57 7684.000000 131.000000
59 62 8869.000000 75.000000
62 59 8869.000000 75.000000
59 63 729.000000 66.000000
63 59 729.000000 66.000000
60 72 13445.000000 93.000000
72 60 13445.000000 93.000000
60 74 16250.000000 89.000000
74 60 16250.000000 89.000000
62 63 5818.000000 54.000000
63 62 5818.000000 54.000000
62 74 48850.000000 168.000000
74 62 48850.000000 168.000000
64 71 9512.000000 65.000000
71 64 9512.000000 65.000000
64 79 26729.000000 70.000000
79 64 26729.000000 70.000000
65 78 8869.000000 51.000000
78 65 8869.000000 51.000000
67 68 445.000000 62.000000
68 67 445.000000 62.000000
67 76 9104.000000 95.000000
76 67 9104.000000 95.000000
68 76 12701.000000 62.000000
76 68 12701.000000 62.000000
68 80 4589.000000 136.000000
80 68 4589.000000 136.000000
69 76 2393.000000 91.000000
76 69 2393.000000 91.000000
70 71 4505.000000 191.000000
71 70 4505.000000 191.000000
72 74 22237.000000 132.000000
74 72 22237.000000 132.000000
77 79 4292.000000 99.000000
79 77 4292.000000 99.000000
1 10 7.000000
1 19 8.000000
1 30 8.000000
1 50 9.000000
2 3 8.000000
2 11 8.000000
2 14 4.000000
2 15 7.000000
2 22 8.000000
2 31 5.000000
2 34 6.000000
2 45 9.000000
2 56 9.000000
2 58 8.000000
2 60 8.000000
2 66 7.000000
3 6 8.000000
3 10 5.000000
3 14 4.000000
3 25 6.000000
3 26 8.000000
3 42 9.000000
3 44 9.000000
3 45 6.000000
3 46 5.000000
3 48 8.000000
3 49 8.000000
3 56 5.000000
3 72 6.000000
4 1 9.000000
4 19 7.000000
4 21 9.000000
4 39 6.000000
4 75 7.000000
5 8 8.000000
5 16 7.000000
5 20 7.000000
5 24 8.000000
5 50 5.000000
6 27 7.000000
6 51 7.000000
6 66 6.000000
6 72 6.000000
6 78 7.000000
7 4 5.000000
7 11 9.000000
7 19 5.000000
7 20 6.000000
7 27 4.000000
7 31 7.000000
7 45 4.000000
7 52 7.000000
7 58 8.000000
7 62 8.000000
7 69 8.000000
8 34 7.000000
8 46 8.000000
8 55 8.000000
9 13 9.000000
9 15 5.000000
9 59 9.000000
9 65 8.000000
9 79 6.000000
10 5 6.000000
10 6 9.000000
10 18 5.000000
10 19 6.000000
10 23 9.000000
10 36 6.000000
10 69 6.000000
10 71 6.000000
11 2 7.000000
11 13 9.000000
11 21 4.000000
11 29 4.000000
11 32 8.000000
11 47 8.000000
11 62 6.000000
12 8 5.000000
12 19 6.000000
12 28 6.000000
12 38 4.000000
12 40 8.000000
12 60 6.000000
12 61 5.000000
13 6 8.000000
13 11 8.000000
13 12 4.000000
13 15 6.000000
13 18 9.000000
13 37 6.000000
13 39 6.000000
13 48 6.000000
13 57 5.000000
13 65 4.000000
13 70 5.000000
13 76 5.000000
14 13 7.000000
14 30 6.000000
14 36 8.000000
14 41 9.000000
14 54 5.000000
14 68 6.000000
14 74 6.000000
14 76 9.000000
14 79 7.000000
15 7 7.000000
15 12 9.000000
15 19 4.000000
15 20 4.000000
15 21 7.000000
15 51 6.000000
16 5 8.000000
16 6 8.000000
16 17 5.000000
16 68 4.000000
16 78 9.000000
17 11 4.000000
17 16 7.000000
17 39 6.000000
17 41 5.000000
17 58 8.000000
17 63 8.000000
17 77 6.000000
18 21 7.000000
18 48 6.000000
18 55 4.000000
18 60 5.000000
18 74 9.000000
19 7 5.000000
19 11 5.000000
19 27 8.000000
19 66 7.000000
20 15 6.000000
20 39 7.000000
20 47 9.000000
20 55 9.000000
21 1 5.000000
21 2 9.000000
21 11 8.000000
21 15 5.000000
21 42 4.000000
21 55 8.000000
22 9 4.000000
22 10 7.000000
22 25 7.000000
22 28 8.000000
22 48 4.000000
22 59 6.000000
22 61 5.000000
22 65 7.000000
22 80 8.000000
23 6 9.000000
23 9 9.000000
23 20 5.000000
23 27 7.000000
23 31 5.000000
24 9 8.000000
24 23 7.000000
24 68 9.000000
24 69 5.000000
25 8 8.000000
25 11 8.000000
25 38 5.000000
25 48 7.000000
25 78 4.000000
26 15 4.000000
26 33 5.000000
26 35 7.000000
26 60 4.000000
26 72 4.000000
26 74 5.000000
27 4 6.000000
27 15 8.000000
27 46 5.000000
27 61 5.000000
28 17 9.000000
28 21 4.000000
28 36 8.000000
28 46 4.000000
28 50 6.000000
28 72 5.000000
29 6 8.000000
29 7 9.000000
29 61 9.000000
29 71 7.000000
29 79 5.000000
30 9 4.000000
30 27 7.000000
30 29 9.000000
30 39 9.000000
30 40 7.000000
30 48 6.000000
30 70 8.000000
30 73 4.000000
30 77 7.000000
31 4 5.000000
31 19 6.000000
31 26 5.000000
31 32 8.000000
31 47 5.000000
31 53 4.000000
31 60 5.000000
31 75 4.000000
31 76 5.000000
31 80 9.000000
32 18 7.000000
32 22 9.000000
32 42 8.000000
32 45 4.000000
32 49 9.000000
32 63 7.000000
32 75 8.000000
33 1 6.000000
33 8 4.000000
33 14 4.000000
33 22 8.000000
33 29 4.000000
33 69 5.000000
33 71 9.000000
33 74 7.000000
34 14 9.000000
34 24 8.000000
34 45 5.000000
34 62 7.000000
34 72 6.000000
35 22 9.000000
35 40 4.000000
35 57 9.000000
35 62 4.000000
35 69 7.000000
36 5 4.000000
36 6 9.000000
36 37 6.000000
36 41 8.000000
37 9 8.000000
37 13 9.000000
37 15 8.000000
37 17 8.000000
37 32 9.000000
37 71 8.000000
38 22 5.000000
38 37 6.000000
38 69 5.000000
39 1 4.000000
39 2 5.000000
39 8 6.000000
39 18 4.000000
39 65 9.000000
39 77 6.000000
40 6 6.000000
40 14 9.000000
40 22 7.000000
40 56 4.000000
40 57 7.000000
40 72 4.000000
40 79 5.000000
41 9 4.000000
41 14 8.000000
41 16 6.000000
41 27 6.000000
41 31 6.000000
41 70 9.000000
41 79 7.000000
42 43 9.000000
42 44 4.000000
42 74 8.000000
43 11 6.000000
43 51 8.000000
43 61 7.000000
43 66 6.000000
43 70 5.000000
44 7 8.000000
44 8 6.000000
44 10 8.000000
44 12 6.000000
44 23 7.000000
44 27 6.000000
44 53 9.000000
44 54 6.000000
45 1 4.000000
45 10 4.000000
45 13 5.000000
45 29 8.000000
45 37 5.000000
45 53 7.000000
45 60 9.000000
45 66 8.000000
45 75 9.000000
46 14 6.000000
46 18 7.000000
46 25 9.000000
46 35 9.000000
46 39 9.000000
46 55 5.000000
46 70 5.000000
47 18 6.000000
47 30 5.000000
47 39 8.000000
47 63 7.000000
48 6 5.000000
48 29 5.000000
48 42 4.000000
48 55 8.000000
48 74 6.000000
48 77 9.000000
48 78 6.000000
49 9 8.000000
49 24 6.000000
49 29 5.000000
49 60 7.000000
50 2 9.000000
50 3 7.000000
50 11 7.000000
50 17 4.000000
50 38 7.000000
50 40 5.000000
50 60 9.000000
50 68 8.000000
50 74 8.000000
50 79 5.000000
51 34 5.000000
51 37 8.000000
51 56 9.000000
51 60 9.000000
51 74 7.000000
52 17 7.000000
52 20 7.000000
52 30 4.000000
52 46 7.000000
52 50 6.000000
52 53 4.000000
52 63 8.000000
53 3 6.000000
53 20 9.000000
53 25 9.000000
53 26 5.000000
53 29 8.000000
53 32 4.000000
53 41 7.000000
53 51 4.000000
53 52 9.000000
53 64 5.000000
53 67 6.000000
53 76 8.000000
53 79 5.000000
54 13 9.000000
54 37 6.000000
54 46 8.000000
54 48 9.000000
54 69 6.000000
55 4 8.000000
55 5 8.000000
55 7 6.000000
55 10 9.000000
55 22 9.000000
55 27 9.000000
55 43 9.000000
55 50 6.000000
55 58 6.000000
55 62 8.000000
56 1 9.000000
56 5 4.000000
56 9 6.000000
56 23 7.000000
56 33 5.000000
56 39 8.000000
56 63 4.000000
56 65 4.000000
56 72 9.000000
56 75 7.000000
57 19 8.000000
57 34 6.000000
57 46 8.000000
57 56 8.000000
57 69 6.000000
58 9 9.000000
58 25 6.000000
58 36 9.000000
58 41 4.000000
58 45 8.000000
58 48 7.000000
58 60 9.000000
58 75 7.000000
58 79 6.000000
59 8 5.000000
59 22 7.000000
59 28 8.000000
59 64 7.000000
60 17 7.000000
60 24 6.000000
60 43 5.000000
60 51 8.000000
60 73 9.000000
60 77 6.000000
60 80 9.000000
61 2 8.000000
61 31 8.000000
61 43 5.000000
61 44 4.000000
61 53 4.000000
61 75 8.000000
62 8 6.000000
62 20 6.000000
62 29 6.000000
62 33 7.000000
62 38 4.000000
62 40 4.000000
62 50 8.000000
62 60 6.000000
63 1 4.000000
63 10 5.000000
63 18 9.000000
63 22 8.000000
63 30 7.000000
63 31 6.000000
63 47 5.000000
63 55 9.000000
63 61 5.000000
63 66 6.000000
64 6 8.000000
64 16 9.000000
64 34 8.000000
64 38 8.000000
64 42 5.000000
64 67 8.000000
64 70 4.000000
64 73 9.000000
65 47 7.000000
65 53 7.000000
65 54 7.000000
65 55 9.000000
65 68 8.000000
66 1 8.000000
66 7 8.000000
66 21 7.000000
66 29 4.000000
66 34 7.000000
66 57 5.000000
66 70 9.000000
67 13 9.000000
67 25 4.000000
67 52 4.000000
67 58 9.000000
67 60 9.000000
67 62 4.000000
67 75 9.000000
68 9 5.000000
68 23 6.000000
68 37 8.000000
68 54 6.000000
68 59 4.000000
68 60 6.000000
68 69 9.000000
69 10 6.000000
69 14 6.000000
69 28 7.000000
69 31 7.000000
69 54 5.000000
69 59 8.000000
70 3 9.000000
70 4 8.000000
70 23 6.000000
70 24 7.000000
70 26 6.000000
70 46 7.000000
70 53 7.000000
71 9 8.000000
71 12 8.000000
71 23 7.000000
71 32 5.000000
71 34 8.000000
71 35 6.000000
71 48 8.000000
71 63 4.000000
72 23 4.000000
72 25 4.000000
72 44 9.000000
72 49 6.000000
72 56 6.000000
72 59 5.000000
72 65 4.000000
73 6 8.000000
73 9 9.000000
73 31 6.000000
73 57 4.000000
73 64 8.000000
73 80 4.000000
74 13 4.000000
74 31 5.000000
74 35 5.000000
74 42 6.000000
74 45 5.000000
74 49 9.000000
74 56 9.000000
74 63 6.000000
74 70 4.000000
75 2 6.000000
75 19 9.000000
75 27 9.000000
75 43 4.000000
75 54 8.000000
75 64 9.000000
76 5 6.000000
76 6 8.000000
76 30 9.000000
76 39 5.000000
76 46 9.000000
76 50 7.000000
76 53 8.000000
76 58 8.000000
77 16 6.000000
77 24 4.000000
77 28 9.000000
77 29 5.000000
77 55 5.000000
78 3 7.000000
78 14 7.000000
78 20 9.000000
78 65 4.000000
78 66 6.000000
78 75 5.000000
79 4 4.000000
79 9 7.000000
79 10 9.000000
79 28 5.000000
79 40 6.000000
79 47 8.000000
79 50 6.000000
79 55 6.000000
79 61 9.000000
79 65 7.000000
80 2 8.000000
80 12 9.000000
80 14 8.000000
80 22 7.000000
80 34 6.000000
80 37 4.000000
80 43 5.000000
80 69 7.000000
80 73 6.000000
80 76 5.000000
80 79 9.000000

