#Instance: 
150 850 2239 1.0
1 58 3042.000000 306.000000
58 1 3042.000000 306.000000
1 125 1746.000000 384.000000
125 1 1746.000000 384.000000
1 135 401.000000 289.000000
135 1 401.000000 289.000000
1 139 881.000000 224.000000
139 1 881.000000 224.000000
1 141 1769.000000 235.000000
141 1 1769.000000 235.000000
2 42 2353.000000 273.000000
42 2 2353.000000 273.000000
2 73 3170.000000 186.000000
73 2 3170.000000 186.000000
2 80 11665.000000 258.000000
80 2 11665.000000 258.000000
2 82 4562.000000 370.000000
82 2 4562.000000 370.000000
2 112 3492.000000 360.000000
112 2 3492.000000 360.000000
2 144 5297.000000 173.000000
144 2 5297.000000 173.000000
3 78 1872.000000 191.000000
78 3 1872.000000 191.000000
3 99 962.000000 422.000000
99 3 962.000000 422.000000
3 113 1717.000000 276.000000
113 3 1717.000000 276.000000
3 134 356.000000 224.000000
134 3 356.000000 224.000000
4 41 949.000000 374.000000
41 4 949.000000 374.000000
4 46 7376.000000 251.000000
46 4 7376.000000 251.000000
4 63 4490.000000 234.000000
63 4 4490.000000 234.000000
4 99 15952.000000 303.000000
99 4 15952.000000 303.000000
4 103 1360.000000 222.000000
103 4 1360.000000 222.000000
4 121 5338.000000 270.000000
121 4 5338.000000 270.000000
5 15 1073.000000 192.000000
15 5 1073.000000 192.000000
5 97 68.000000 328.000000
97 5 68.000000 328.000000
5 148 3202.000000 324.000000
148 5 3202.000000 324.000000
6 49 842.000000 385.000000
49 6 842.000000 385.000000
6 51 2153.000000 302.000000
51 6 2153.000000 302.000000
6 86 7252.000000 278.000000
86 6 7252.000000 278.000000
6 90 877.000000 450.000000
90 6 877.000000 450.000000
7 47 1189.000000 329.000000
47 7 1189.000000 329.000000
7 71 1381.000000 298.000000
71 7 1381.000000 298.000000
7 129 1570.000000 358.000000
129 7 1570.000000 358.000000
8 48 2797.000000 289.000000
48 8 2797.000000 289.000000
8 55 2749.000000 268.000000
55 8 2749.000000 268.000000
8 57 7085.000000 405.000000
57 8 7085.000000 405.000000
8 138 10034.000000 320.000000
138 8 10034.000000 320.000000
9 28 3701.000000 293.000000
28 9 3701.000000 293.000000
9 56 10909.000000 388.000000
56 9 10909.000000 388.000000
9 66 5882.000000 442.000000
66 9 5882.000000 442.000000
9 83 1226.000000 430.000000
83 9 1226.000000 430.000000
9 92 5760.000000 203.000000
92 9 5760.000000 203.000000
9 94 965.000000 247.000000
94 9 965.000000 247.000000
9 150 5437.000000 342.000000
150 9 5437.000000 342.000000
10 101 360.000000 289.000000
101 10 360.000000 289.000000
10 113 2353.000000 297.000000
113 10 2353.000000 297.000000
10 128 916.000000 448.000000
128 10 916.000000 448.000000
11 39 125.000000 367.000000
39 11 125.000000 367.000000
11 63 1378.000000 236.000000
63 11 1378.000000 236.000000
11 106 2440.000000 377.000000
106 11 2440.000000 377.000000
12 14 3089.000000 385.000000
14 12 3089.000000 385.000000
12 55 3205.000000 404.000000
55 12 3205.000000 404.000000
12 57 45.000000 267.000000
57 12 45.000000 267.000000
13 17 173.000000 264.000000
17 13 173.000000 264.000000
13 112 586.000000 364.000000
112 13 586.000000 364.000000
13 144 1313.000000 454.000000
144 13 1313.000000 454.000000
14 55 706.000000 239.000000
55 14 706.000000 239.000000
14 57 3560.000000 324.000000
57 14 3560.000000 324.000000
14 78 2329.000000 254.000000
78 14 2329.000000 254.000000
14 113 5000.000000 424.000000
113 14 5000.000000 424.000000
15 62 1960.000000 449.000000
62 15 1960.000000 449.000000
15 64 4640.000000 373.000000
64 15 4640.000000 373.000000
15 75 2516.000000 419.000000
75 15 2516.000000 419.000000
15 97 1125.000000 365.000000
97 15 1125.000000 365.000000
15 132 8658.000000 275.000000
132 15 8658.000000 275.000000
15 148 6197.000000 260.000000
148 15 6197.000000 260.000000
16 27 2920.000000 280.000000
27 16 2920.000000 280.000000
16 41 2000.000000 238.000000
41 16 2000.000000 238.000000
16 46 3341.000000 373.000000
46 16 3341.000000 373.000000
16 84 4217.000000 182.000000
84 16 4217.000000 182.000000
17 45 68.000000 251.000000
45 17 68.000000 251.000000
17 56 4261.000000 351.000000
56 17 4261.000000 351.000000
17 112 293.000000 353.000000
112 17 293.000000 353.000000
17 122 3365.000000 168.000000
122 17 3365.000000 168.000000
17 123 4745.000000 173.000000
123 17 4745.000000 173.000000
17 144 2196.000000 253.000000
144 17 2196.000000 253.000000
18 23 2754.000000 326.000000
23 18 2754.000000 326.000000
18 52 3898.000000 315.000000
52 18 3898.000000 315.000000
18 118 265.000000 300.000000
118 18 265.000000 300.000000
18 129 5300.000000 447.000000
129 18 5300.000000 447.000000
19 99 1013.000000 449.000000
99 19 1013.000000 449.000000
19 113 466.000000 263.000000
113 19 466.000000 263.000000
19 128 7465.000000 198.000000
128 19 7465.000000 198.000000
19 134 333.000000 220.000000
134 19 333.000000 220.000000
20 53 44829.000000 173.000000
53 20 44829.000000 173.000000
20 74 4357.000000 427.000000
74 20 4357.000000 427.000000
20 75 7218.000000 341.000000
75 20 7218.000000 341.000000
20 88 12905.000000 427.000000
88 20 12905.000000 427.000000
20 97 10565.000000 269.000000
97 20 10565.000000 269.000000
20 120 15529.000000 297.000000
120 20 15529.000000 297.000000
20 148 21709.000000 160.000000
148 20 21709.000000 160.000000
21 27 3625.000000 374.000000
27 21 3625.000000 374.000000
21 42 3944.000000 371.000000
42 21 3944.000000 371.000000
21 46 10368.000000 161.000000
46 21 10368.000000 161.000000
21 73 2601.000000 208.000000
73 21 2601.000000 208.000000
21 102 1657.000000 197.000000
102 21 1657.000000 197.000000
21 124 8458.000000 245.000000
124 21 8458.000000 245.000000
22 65 100.000000 260.000000
65 22 100.000000 260.000000
22 93 745.000000 275.000000
93 22 745.000000 275.000000
22 117 857.000000 441.000000
117 22 857.000000 441.000000
22 130 706.000000 387.000000
130 22 706.000000 387.000000
23 52 3664.000000 238.000000
52 23 3664.000000 238.000000
23 59 4936.000000 166.000000
59 23 4936.000000 166.000000
23 61 9220.000000 310.000000
61 23 9220.000000 310.000000
23 116 13941.000000 255.000000
116 23 13941.000000 255.000000
23 118 4297.000000 245.000000
118 23 4297.000000 245.000000
23 140 3653.000000 400.000000
140 23 3653.000000 400.000000
24 33 19645.000000 377.000000
33 24 19645.000000 377.000000
24 34 7208.000000 280.000000
34 24 7208.000000 280.000000
24 40 1417.000000 461.000000
40 24 1417.000000 461.000000
24 74 25325.000000 279.000000
74 24 25325.000000 279.000000
24 88 26253.000000 355.000000
88 24 26253.000000 355.000000
24 109 1693.000000 222.000000
109 24 1693.000000 222.000000
24 120 20005.000000 431.000000
120 24 20005.000000 431.000000
24 143 2756.000000 177.000000
143 24 2756.000000 177.000000
25 71 5449.000000 257.000000
71 25 5449.000000 257.000000
25 98 189032.000000 318.000000
98 25 189032.000000 318.000000
25 110 12346.000000 393.000000
110 25 12346.000000 393.000000
25 115 980.000000 377.000000
115 25 980.000000 377.000000
25 118 21101.000000 358.000000
118 25 21101.000000 358.000000
25 129 14642.000000 354.000000
129 25 14642.000000 354.000000
26 47 65026.000000 229.000000
47 26 65026.000000 229.000000
26 79 5953.000000 428.000000
79 26 5953.000000 428.000000
26 96 800.000000 292.000000
96 26 800.000000 292.000000
26 105 8917.000000 236.000000
105 26 8917.000000 236.000000
26 145 23440.000000 165.000000
145 26 23440.000000 165.000000
26 146 5330.000000 309.000000
146 26 5330.000000 309.000000
27 42 1885.000000 369.000000
42 27 1885.000000 369.000000
27 46 7225.000000 378.000000
46 27 7225.000000 378.000000
27 82 4338.000000 423.000000
82 27 4338.000000 423.000000
27 84 3709.000000 339.000000
84 27 3709.000000 339.000000
28 83 3217.000000 323.000000
83 28 3217.000000 323.000000
28 84 4825.000000 375.000000
84 28 4825.000000 375.000000
28 103 5585.000000 441.000000
103 28 5585.000000 441.000000
28 150 196.000000 466.000000
150 28 196.000000 466.000000
29 58 464.000000 181.000000
58 29 464.000000 181.000000
29 112 3362.000000 345.000000
112 29 3362.000000 345.000000
29 119 1466.000000 315.000000
119 29 1466.000000 315.000000
29 125 788.000000 370.000000
125 29 788.000000 370.000000
29 136 976.000000 392.000000
136 29 976.000000 392.000000
30 44 61.000000 222.000000
44 30 61.000000 222.000000
30 66 2000.000000 259.000000
66 30 2000.000000 259.000000
30 70 4586.000000 355.000000
70 30 4586.000000 355.000000
30 86 4329.000000 441.000000
86 30 4329.000000 441.000000
30 111 6845.000000 422.000000
111 30 6845.000000 422.000000
30 147 2218.000000 430.000000
147 30 2218.000000 430.000000
30 149 2129.000000 324.000000
149 30 2129.000000 324.000000
31 63 14170.000000 477.000000
63 31 14170.000000 477.000000
31 78 1882.000000 429.000000
78 31 1882.000000 429.000000
31 99 7592.000000 434.000000
99 31 7592.000000 434.000000
31 106 10816.000000 323.000000
106 31 10816.000000 323.000000
31 138 82.000000 363.000000
138 31 82.000000 363.000000
32 48 34549.000000 339.000000
48 32 34549.000000 339.000000
32 98 90.000000 216.000000
98 32 90.000000 216.000000
32 106 3770.000000 257.000000
106 32 3770.000000 257.000000
32 138 14312.000000 350.000000
138 32 14312.000000 350.000000
33 38 5140.000000 309.000000
38 33 5140.000000 309.000000
33 50 2929.000000 366.000000
50 33 2929.000000 366.000000
33 76 4420.000000 370.000000
76 33 4420.000000 370.000000
33 87 5402.000000 364.000000
87 33 5402.000000 364.000000
33 88 5956.000000 379.000000
88 33 5956.000000 379.000000
34 38 1973.000000 353.000000
38 34 1973.000000 353.000000
34 61 13481.000000 385.000000
61 34 13481.000000 385.000000
34 89 2770.000000 181.000000
89 34 2770.000000 181.000000
34 116 12064.000000 417.000000
116 34 12064.000000 417.000000
34 143 6148.000000 398.000000
143 34 6148.000000 398.000000
35 51 1601.000000 196.000000
51 35 1601.000000 196.000000
35 90 2545.000000 338.000000
90 35 2545.000000 338.000000
35 98 5077.000000 423.000000
98 35 5077.000000 423.000000
35 106 4901.000000 371.000000
106 35 4901.000000 371.000000
36 64 2176.000000 314.000000
64 36 2176.000000 314.000000
36 102 674.000000 322.000000
102 36 674.000000 322.000000
36 124 1405.000000 290.000000
124 36 1405.000000 290.000000
36 127 689.000000 465.000000
127 36 689.000000 465.000000
37 47 2458.000000 169.000000
47 37 2458.000000 169.000000
37 52 3589.000000 285.000000
52 37 3589.000000 285.000000
37 129 1769.000000 226.000000
129 37 1769.000000 226.000000
37 145 10804.000000 239.000000
145 37 10804.000000 239.000000
38 76 2120.000000 466.000000
76 38 2120.000000 466.000000
38 85 1250.000000 235.000000
85 38 1250.000000 235.000000
38 89 109.000000 301.000000
89 38 109.000000 301.000000
39 63 2273.000000 455.000000
63 39 2273.000000 455.000000
39 83 9437.000000 334.000000
83 39 9437.000000 334.000000
39 90 7141.000000 431.000000
90 39 7141.000000 431.000000
39 106 1825.000000 298.000000
106 39 1825.000000 298.000000
40 68 900.000000 465.000000
68 40 900.000000 465.000000
40 109 2628.000000 272.000000
109 40 2628.000000 272.000000
40 143 545.000000 427.000000
143 40 545.000000 427.000000
41 46 9661.000000 283.000000
46 41 9661.000000 283.000000
41 84 2777.000000 373.000000
84 41 2777.000000 373.000000
41 103 261.000000 345.000000
103 41 261.000000 345.000000
42 73 1445.000000 179.000000
73 42 1445.000000 179.000000
42 82 3277.000000 178.000000
82 42 3277.000000 178.000000
43 54 93029.000000 403.000000
54 43 93029.000000 403.000000
43 70 134693.000000 479.000000
70 43 134693.000000 479.000000
43 91 2330.000000 344.000000
91 43 2330.000000 344.000000
43 126 3524.000000 345.000000
126 43 3524.000000 345.000000
43 135 3825.000000 306.000000
135 43 3825.000000 306.000000
43 139 4225.000000 307.000000
139 43 4225.000000 307.000000
43 141 13005.000000 381.000000
141 43 13005.000000 381.000000
44 56 9090.000000 199.000000
56 44 9090.000000 199.000000
44 66 2341.000000 192.000000
66 44 2341.000000 192.000000
44 114 7345.000000 295.000000
114 44 7345.000000 295.000000
44 149 2314.000000 224.000000
149 44 2314.000000 224.000000
45 112 81.000000 372.000000
112 45 81.000000 372.000000
45 122 3217.000000 184.000000
122 45 3217.000000 184.000000
46 77 14164.000000 311.000000
77 46 14164.000000 311.000000
46 121 178.000000 295.000000
121 46 178.000000 295.000000
46 124 19402.000000 322.000000
124 46 19402.000000 322.000000
46 137 7892.000000 266.000000
137 46 7892.000000 266.000000
47 71 4100.000000 264.000000
71 47 4100.000000 264.000000
47 129 2125.000000 193.000000
129 47 2125.000000 193.000000
47 145 23354.000000 440.000000
145 47 23354.000000 440.000000
48 57 17714.000000 307.000000
57 48 17714.000000 307.000000
48 98 38077.000000 240.000000
98 48 38077.000000 240.000000
48 110 16641.000000 418.000000
110 48 16641.000000 418.000000
48 138 18097.000000 217.000000
138 48 18097.000000 217.000000
48 140 32434.000000 332.000000
140 48 32434.000000 332.000000
49 83 2825.000000 291.000000
83 49 2825.000000 291.000000
49 90 2125.000000 435.000000
90 49 2125.000000 435.000000
49 92 3349.000000 242.000000
92 49 3349.000000 242.000000
49 94 980.000000 387.000000
94 49 980.000000 387.000000
50 67 4205.000000 179.000000
67 50 4205.000000 179.000000
50 87 7445.000000 316.000000
87 50 7445.000000 316.000000
50 88 1745.000000 260.000000
88 50 1745.000000 260.000000
50 132 8306.000000 397.000000
132 50 8306.000000 397.000000
51 86 15145.000000 193.000000
86 51 15145.000000 193.000000
51 90 962.000000 210.000000
90 51 962.000000 210.000000
51 111 32345.000000 380.000000
111 51 32345.000000 380.000000
52 72 3332.000000 312.000000
72 52 3332.000000 312.000000
52 129 6698.000000 462.000000
129 52 6698.000000 462.000000
52 145 3253.000000 423.000000
145 52 3253.000000 423.000000
53 60 18245.000000 254.000000
60 53 18245.000000 254.000000
53 100 6154.000000 312.000000
100 53 6154.000000 312.000000
53 107 5749.000000 203.000000
107 53 5749.000000 203.000000
53 120 110938.000000 184.000000
120 53 110938.000000 184.000000
53 148 4258.000000 427.000000
148 53 4258.000000 427.000000
54 70 3844.000000 391.000000
70 54 3844.000000 391.000000
54 114 3700.000000 402.000000
114 54 3700.000000 402.000000
54 141 36482.000000 433.000000
141 54 36482.000000 433.000000
54 142 12077.000000 347.000000
142 54 12077.000000 347.000000
54 147 1924.000000 392.000000
147 54 1924.000000 392.000000
54 149 1025.000000 166.000000
149 54 1025.000000 166.000000
55 78 3649.000000 405.000000
78 55 3649.000000 405.000000
55 138 4813.000000 463.000000
138 55 4813.000000 463.000000
56 66 19357.000000 433.000000
66 56 19357.000000 433.000000
56 114 2545.000000 179.000000
114 56 2545.000000 179.000000
56 123 1588.000000 371.000000
123 56 1588.000000 371.000000
56 144 2989.000000 310.000000
144 56 2989.000000 310.000000
56 150 6682.000000 244.000000
150 56 6682.000000 244.000000
57 59 8585.000000 281.000000
59 57 8585.000000 281.000000
57 101 13949.000000 316.000000
101 57 13949.000000 316.000000
57 113 7760.000000 340.000000
113 57 7760.000000 340.000000
57 140 8500.000000 238.000000
140 57 8500.000000 238.000000
58 125 1620.000000 450.000000
125 58 1620.000000 450.000000
58 136 160.000000 191.000000
136 58 160.000000 191.000000
58 139 3341.000000 375.000000
139 58 3341.000000 375.000000
59 61 2564.000000 271.000000
61 59 2564.000000 271.000000
59 101 14216.000000 213.000000
101 59 14216.000000 213.000000
59 140 2465.000000 168.000000
140 59 2465.000000 168.000000
60 91 14426.000000 173.000000
91 60 14426.000000 173.000000
60 93 2074.000000 196.000000
93 60 2074.000000 196.000000
60 107 7018.000000 316.000000
107 60 7018.000000 316.000000
60 117 2468.000000 446.000000
117 60 2468.000000 446.000000
60 131 11773.000000 437.000000
131 60 11773.000000 437.000000
61 76 4896.000000 410.000000
76 61 4896.000000 410.000000
61 85 4250.000000 402.000000
85 61 4250.000000 402.000000
61 89 5777.000000 317.000000
89 61 5777.000000 317.000000
61 101 10420.000000 163.000000
101 61 10420.000000 163.000000
61 116 19825.000000 411.000000
116 61 19825.000000 411.000000
62 64 4360.000000 373.000000
64 62 4360.000000 373.000000
62 100 4909.000000 206.000000
100 62 4909.000000 206.000000
62 104 481.000000 169.000000
104 62 481.000000 169.000000
62 127 7717.000000 284.000000
127 62 7717.000000 284.000000
62 148 3313.000000 452.000000
148 62 3313.000000 452.000000
63 83 9970.000000 314.000000
83 63 9970.000000 314.000000
63 99 17474.000000 377.000000
99 63 17474.000000 377.000000
63 103 4706.000000 266.000000
103 63 4706.000000 266.000000
63 106 7114.000000 278.000000
106 63 7114.000000 278.000000
64 124 1325.000000 207.000000
124 64 1325.000000 207.000000
64 127 1249.000000 382.000000
127 64 1249.000000 382.000000
64 132 7154.000000 417.000000
132 64 7154.000000 417.000000
65 107 4337.000000 357.000000
107 65 4337.000000 357.000000
65 117 1537.000000 358.000000
117 65 1537.000000 358.000000
65 130 306.000000 161.000000
130 65 306.000000 161.000000
65 131 1000.000000 347.000000
131 65 1000.000000 347.000000
65 133 2978.000000 441.000000
133 65 2978.000000 441.000000
66 86 449.000000 368.000000
86 66 449.000000 368.000000
66 92 1754.000000 187.000000
92 66 1754.000000 187.000000
67 77 1234.000000 387.000000
77 67 1234.000000 387.000000
67 87 8720.000000 412.000000
87 67 8720.000000 412.000000
67 132 1629.000000 316.000000
132 67 1629.000000 316.000000
67 137 4306.000000 405.000000
137 67 4306.000000 405.000000
68 105 4106.000000 324.000000
105 68 4106.000000 324.000000
68 108 9146.000000 470.000000
108 68 9146.000000 470.000000
68 109 2664.000000 303.000000
109 68 2664.000000 303.000000
68 143 2081.000000 188.000000
143 68 2081.000000 188.000000
68 146 1985.000000 280.000000
146 68 1985.000000 280.000000
69 95 5777.000000 443.000000
95 69 5777.000000 443.000000
69 105 9857.000000 450.000000
105 69 9857.000000 450.000000
69 108 1037.000000 321.000000
108 69 1037.000000 321.000000
69 120 17753.000000 160.000000
120 69 17753.000000 160.000000
70 111 3809.000000 463.000000
111 70 3809.000000 463.000000
70 147 808.000000 276.000000
147 70 808.000000 276.000000
71 115 2341.000000 204.000000
115 71 2341.000000 204.000000
71 129 5657.000000 362.000000
129 71 5657.000000 362.000000
72 116 1745.000000 271.000000
116 72 1745.000000 271.000000
72 145 145.000000 353.000000
145 72 145.000000 353.000000
73 80 8233.000000 256.000000
80 73 8233.000000 256.000000
73 102 6196.000000 469.000000
102 73 6196.000000 469.000000
73 127 12157.000000 336.000000
127 73 12157.000000 336.000000
74 88 14978.000000 355.000000
88 74 14978.000000 355.000000
74 120 3610.000000 469.000000
120 74 3610.000000 469.000000
75 88 9749.000000 218.000000
88 75 9749.000000 218.000000
75 97 1901.000000 467.000000
97 75 1901.000000 467.000000
75 132 8570.000000 245.000000
132 75 8570.000000 245.000000
76 85 170.000000 317.000000
85 76 170.000000 317.000000
76 87 4226.000000 443.000000
87 76 4226.000000 443.000000
76 101 8452.000000 388.000000
101 76 8452.000000 388.000000
77 124 4442.000000 323.000000
124 77 4442.000000 323.000000
77 132 925.000000 228.000000
132 77 925.000000 228.000000
77 137 4520.000000 259.000000
137 77 4520.000000 259.000000
78 99 2234.000000 176.000000
99 78 2234.000000 176.000000
78 138 1544.000000 463.000000
138 78 1544.000000 463.000000
79 96 3145.000000 228.000000
96 79 3145.000000 228.000000
79 116 2257.000000 375.000000
116 79 2257.000000 375.000000
79 143 8905.000000 238.000000
143 79 8905.000000 238.000000
79 145 6505.000000 355.000000
145 79 6505.000000 355.000000
79 146 6661.000000 457.000000
146 79 6661.000000 457.000000
80 112 20233.000000 461.000000
112 80 20233.000000 461.000000
80 127 13770.000000 347.000000
127 80 13770.000000 347.000000
80 131 2000.000000 438.000000
131 80 2000.000000 438.000000
80 133 5098.000000 427.000000
133 80 5098.000000 427.000000
80 136 7577.000000 463.000000
136 80 7577.000000 463.000000
81 119 610.000000 264.000000
119 81 610.000000 264.000000
81 122 1066.000000 211.000000
122 81 1066.000000 211.000000
81 125 2260.000000 461.000000
125 81 2260.000000 461.000000
81 141 2405.000000 195.000000
141 81 2405.000000 195.000000
81 142 1642.000000 203.000000
142 81 1642.000000 203.000000
82 84 1129.000000 346.000000
84 82 1129.000000 346.000000
82 144 2125.000000 247.000000
144 82 2125.000000 247.000000
82 150 4420.000000 374.000000
150 82 4420.000000 374.000000
83 90 8420.000000 460.000000
90 83 8420.000000 460.000000
83 94 949.000000 469.000000
94 83 949.000000 469.000000
83 103 9280.000000 195.000000
103 83 9280.000000 195.000000
84 103 3380.000000 404.000000
103 84 3380.000000 404.000000
84 150 3341.000000 388.000000
150 84 3341.000000 388.000000
85 89 709.000000 326.000000
89 85 709.000000 326.000000
86 92 793.000000 213.000000
92 86 793.000000 213.000000
86 111 4292.000000 207.000000
111 86 4292.000000 207.000000
87 101 4226.000000 198.000000
101 87 4226.000000 198.000000
87 128 2210.000000 358.000000
128 87 2210.000000 358.000000
87 137 5930.000000 300.000000
137 87 5930.000000 300.000000
88 132 11097.000000 472.000000
132 88 11097.000000 472.000000
90 106 8068.000000 318.000000
106 90 8068.000000 318.000000
91 131 15925.000000 446.000000
131 91 15925.000000 446.000000
91 139 10585.000000 462.000000
139 91 10585.000000 462.000000
92 94 3797.000000 296.000000
94 92 3797.000000 296.000000
93 117 314.000000 203.000000
117 93 314.000000 203.000000
93 130 2417.000000 194.000000
130 93 2417.000000 194.000000
93 131 4105.000000 183.000000
131 93 4105.000000 183.000000
95 108 1928.000000 327.000000
108 95 1928.000000 327.000000
95 109 1898.000000 286.000000
109 95 1898.000000 286.000000
95 120 7162.000000 167.000000
120 95 7162.000000 167.000000
96 146 2610.000000 401.000000
146 96 2610.000000 401.000000
97 148 4082.000000 175.000000
148 97 4082.000000 175.000000
98 106 3620.000000 317.000000
106 98 3620.000000 317.000000
98 110 104770.000000 412.000000
110 98 104770.000000 412.000000
99 121 15138.000000 216.000000
121 99 15138.000000 216.000000
99 128 13352.000000 421.000000
128 99 13352.000000 421.000000
99 134 386.000000 336.000000
134 99 386.000000 336.000000
100 104 2644.000000 467.000000
104 100 2644.000000 467.000000
100 107 2493.000000 247.000000
107 100 2493.000000 247.000000
100 127 7380.000000 225.000000
127 100 7380.000000 225.000000
100 133 2344.000000 429.000000
133 100 2344.000000 429.000000
100 148 9684.000000 399.000000
148 100 9684.000000 399.000000
101 113 3541.000000 375.000000
113 101 3541.000000 375.000000
101 128 1060.000000 240.000000
128 101 1060.000000 240.000000
102 124 2897.000000 366.000000
124 102 2897.000000 366.000000
102 127 2501.000000 342.000000
127 102 2501.000000 342.000000
104 148 3088.000000 282.000000
148 104 3088.000000 282.000000
105 108 9800.000000 229.000000
108 105 9800.000000 229.000000
105 146 4033.000000 406.000000
146 105 4033.000000 406.000000
106 138 12706.000000 331.000000
138 106 12706.000000 331.000000
107 117 2050.000000 436.000000
117 107 2050.000000 436.000000
107 133 3265.000000 440.000000
133 107 3265.000000 440.000000
108 109 5186.000000 202.000000
109 108 5186.000000 202.000000
109 120 14240.000000 455.000000
120 109 14240.000000 455.000000
110 118 18269.000000 399.000000
118 110 18269.000000 399.000000
110 140 24565.000000 304.000000
140 110 24565.000000 304.000000
112 119 3536.000000 298.000000
119 112 3536.000000 298.000000
112 122 3460.000000 243.000000
122 112 3460.000000 243.000000
112 136 5450.000000 458.000000
136 112 5450.000000 458.000000
112 144 3653.000000 317.000000
144 112 3653.000000 317.000000
113 128 6093.000000 263.000000
128 113 6093.000000 263.000000
113 134 1105.000000 193.000000
134 113 1105.000000 193.000000
114 123 697.000000 232.000000
123 114 697.000000 232.000000
114 142 4013.000000 342.000000
142 114 4013.000000 342.000000
114 149 4385.000000 191.000000
149 114 4385.000000 191.000000
116 143 12564.000000 187.000000
143 116 12564.000000 187.000000
116 145 1616.000000 258.000000
145 116 1616.000000 258.000000
118 129 5345.000000 191.000000
129 118 5345.000000 191.000000
118 140 5570.000000 270.000000
140 118 5570.000000 270.000000
119 122 1444.000000 278.000000
122 119 1444.000000 278.000000
119 125 970.000000 221.000000
125 119 970.000000 221.000000
121 128 18050.000000 213.000000
128 121 18050.000000 213.000000
121 137 9722.000000 331.000000
137 121 9722.000000 331.000000
122 123 2900.000000 180.000000
123 122 2900.000000 180.000000
122 142 296.000000 454.000000
142 122 296.000000 454.000000
123 142 2020.000000 383.000000
142 123 2020.000000 383.000000
124 132 4097.000000 479.000000
132 124 4097.000000 479.000000
125 141 1229.000000 384.000000
141 125 1229.000000 384.000000
126 135 113.000000 389.000000
135 126 113.000000 389.000000
126 139 53.000000 409.000000
139 126 53.000000 409.000000
127 133 7780.000000 257.000000
133 127 7780.000000 257.000000
128 137 4516.000000 284.000000
137 128 4516.000000 284.000000
130 131 226.000000 258.000000
131 130 226.000000 258.000000
131 133 4258.000000 326.000000
133 131 4258.000000 326.000000
131 136 11737.000000 304.000000
136 131 11737.000000 304.000000
131 139 11530.000000 387.000000
139 131 11530.000000 387.000000
135 139 250.000000 360.000000
139 135 250.000000 360.000000
135 141 3690.000000 248.000000
141 135 3690.000000 248.000000
136 139 3973.000000 446.000000
139 136 3973.000000 446.000000
141 142 8009.000000 474.000000
142 141 8009.000000 474.000000
143 146 2682.000000 360.000000
146 143 2682.000000 360.000000
144 150 4505.000000 345.000000
150 144 4505.000000 345.000000
147 149 449.000000 428.000000
149 147 449.000000 428.000000
1 12 5.000000
1 25 11.000000
1 29 12.000000
1 35 10.000000
1 40 5.000000
1 76 12.000000
1 85 7.000000
1 94 9.000000
1 106 6.000000
1 108 11.000000
1 126 13.000000
1 132 5.000000
1 134 8.000000
1 144 9.000000
2 9 11.000000
2 20 10.000000
2 40 11.000000
2 41 5.000000
2 47 11.000000
2 53 6.000000
2 62 5.000000
2 64 5.000000
2 65 5.000000
2 110 11.000000
2 115 7.000000
2 121 3.000000
2 126 11.000000
2 128 9.000000
2 129 4.000000
2 138 7.000000
2 142 12.000000
2 147 7.000000
3 1 10.000000
3 9 3.000000
3 10 8.000000
3 19 7.000000
3 50 9.000000
3 55 4.000000
3 65 10.000000
3 69 4.000000
3 95 5.000000
3 98 5.000000
3 108 6.000000
4 1 7.000000
4 8 3.000000
4 10 3.000000
4 12 13.000000
4 29 3.000000
4 49 10.000000
4 67 12.000000
4 69 5.000000
4 72 9.000000
4 73 7.000000
4 78 3.000000
4 81 4.000000
4 114 3.000000
4 129 8.000000
4 132 12.000000
4 133 12.000000
5 13 13.000000
5 14 12.000000
5 37 13.000000
5 46 7.000000
5 52 9.000000
5 65 10.000000
5 75 9.000000
5 76 13.000000
5 86 9.000000
5 101 6.000000
5 109 5.000000
5 113 11.000000
5 123 11.000000
5 124 11.000000
5 128 9.000000
6 4 8.000000
6 8 3.000000
6 10 6.000000
6 24 6.000000
6 78 3.000000
6 84 5.000000
6 87 11.000000
6 90 6.000000
6 92 4.000000
6 94 5.000000
6 101 7.000000
6 110 9.000000
6 118 11.000000
6 121 3.000000
6 122 7.000000
6 127 13.000000
6 130 11.000000
6 149 6.000000
7 15 8.000000
7 25 4.000000
7 41 9.000000
7 61 13.000000
7 71 7.000000
7 88 11.000000
7 99 6.000000
7 113 4.000000
7 114 10.000000
7 132 7.000000
7 136 6.000000
7 141 5.000000
8 18 13.000000
8 19 5.000000
8 33 4.000000
8 59 7.000000
8 66 8.000000
8 67 11.000000
8 68 13.000000
8 77 3.000000
8 103 4.000000
8 105 4.000000
8 120 7.000000
8 124 13.000000
8 139 13.000000
8 140 13.000000
8 145 9.000000
8 149 9.000000
9 6 5.000000
9 11 11.000000
9 25 8.000000
9 37 9.000000
9 40 6.000000
9 68 10.000000
9 89 12.000000
9 102 7.000000
9 105 13.000000
9 108 3.000000
9 109 5.000000
9 113 5.000000
9 115 11.000000
9 121 5.000000
9 125 13.000000
9 126 6.000000
9 127 7.000000
10 8 6.000000
10 16 9.000000
10 21 3.000000
10 24 10.000000
10 25 4.000000
10 42 6.000000
10 46 13.000000
10 49 10.000000
10 50 5.000000
10 92 8.000000
10 115 7.000000
10 125 5.000000
10 129 8.000000
10 137 12.000000
10 150 4.000000
11 10 6.000000
11 17 8.000000
11 21 7.000000
11 47 11.000000
11 70 11.000000
11 79 4.000000
11 94 9.000000
11 111 3.000000
11 116 3.000000
11 118 3.000000
11 130 11.000000
11 135 6.000000
11 136 3.000000
11 146 9.000000
12 6 9.000000
12 9 4.000000
12 37 4.000000
12 45 13.000000
12 49 9.000000
12 54 13.000000
12 60 8.000000
12 67 4.000000
12 84 9.000000
12 87 12.000000
12 141 3.000000
12 143 4.000000
12 146 12.000000
13 3 8.000000
13 8 9.000000
13 21 6.000000
13 22 8.000000
13 37 4.000000
13 40 7.000000
13 73 9.000000
13 81 8.000000
13 83 3.000000
13 99 5.000000
13 113 12.000000
13 124 13.000000
13 129 5.000000
13 144 5.000000
13 145 4.000000
14 18 4.000000
14 32 8.000000
14 33 13.000000
14 34 10.000000
14 39 6.000000
14 45 5.000000
14 46 13.000000
14 51 3.000000
14 82 7.000000
14 88 4.000000
14 100 13.000000
14 103 11.000000
14 114 7.000000
14 123 8.000000
14 126 6.000000
14 128 4.000000
14 140 3.000000
15 3 5.000000
15 38 8.000000
15 52 8.000000
15 54 13.000000
15 61 4.000000
15 69 9.000000
15 71 12.000000
15 124 3.000000
15 147 10.000000
16 2 10.000000
16 26 5.000000
16 33 5.000000
16 40 8.000000
16 63 6.000000
16 75 6.000000
16 93 8.000000
16 96 9.000000
16 101 8.000000
16 103 13.000000
16 106 3.000000
16 119 8.000000
16 127 13.000000
16 130 10.000000
16 134 11.000000
16 145 13.000000
17 2 3.000000
17 10 10.000000
17 11 12.000000
17 15 8.000000
17 19 10.000000
17 21 11.000000
17 22 3.000000
17 23 4.000000
17 27 9.000000
17 30 7.000000
17 38 10.000000
17 40 12.000000
17 43 4.000000
17 56 12.000000
17 71 8.000000
17 78 11.000000
17 99 7.000000
17 100 9.000000
17 102 5.000000
17 108 6.000000
17 111 9.000000
18 17 7.000000
18 22 13.000000
18 25 6.000000
18 41 10.000000
18 45 12.000000
18 54 6.000000
18 63 12.000000
18 68 7.000000
18 73 5.000000
18 99 6.000000
18 123 4.000000
18 129 12.000000
19 16 8.000000
19 21 4.000000
19 29 11.000000
19 52 6.000000
19 64 3.000000
19 90 4.000000
19 120 4.000000
19 122 8.000000
19 127 3.000000
19 130 8.000000
19 131 8.000000
19 132 8.000000
19 136 5.000000
20 10 9.000000
20 40 4.000000
20 43 5.000000
20 47 13.000000
20 52 12.000000
20 74 5.000000
20 83 10.000000
20 85 10.000000
20 107 11.000000
20 111 11.000000
20 119 3.000000
20 122 8.000000
20 125 4.000000
20 129 13.000000
20 136 10.000000
20 143 12.000000
20 145 7.000000
21 14 3.000000
21 18 13.000000
21 34 13.000000
21 40 9.000000
21 53 3.000000
21 55 3.000000
21 74 7.000000
21 89 10.000000
21 92 10.000000
21 103 9.000000
21 107 13.000000
21 110 8.000000
21 115 13.000000
21 127 10.000000
21 128 6.000000
21 132 8.000000
21 142 3.000000
21 145 6.000000
21 146 10.000000
21 147 11.000000
22 9 13.000000
22 12 5.000000
22 16 10.000000
22 24 8.000000
22 25 7.000000
22 63 11.000000
22 73 10.000000
22 83 13.000000
22 93 3.000000
22 97 3.000000
22 99 3.000000
22 115 5.000000
22 118 5.000000
22 124 10.000000
22 146 10.000000
23 22 9.000000
23 36 3.000000
23 45 4.000000
23 70 7.000000
23 79 5.000000
23 80 13.000000
23 89 3.000000
23 104 7.000000
23 133 11.000000
23 139 7.000000
24 11 12.000000
24 34 8.000000
24 51 10.000000
24 57 5.000000
24 64 10.000000
24 65 13.000000
24 66 3.000000
24 75 4.000000
24 86 6.000000
24 108 9.000000
24 112 6.000000
24 114 8.000000
24 116 11.000000
24 119 11.000000
24 133 12.000000
24 135 3.000000
24 136 6.000000
24 145 6.000000
24 147 4.000000
25 6 12.000000
25 19 13.000000
25 30 9.000000
25 35 3.000000
25 41 10.000000
25 44 5.000000
25 46 3.000000
25 50 13.000000
25 53 12.000000
25 57 10.000000
25 70 7.000000
25 94 3.000000
25 108 3.000000
25 109 9.000000
25 118 12.000000
25 132 4.000000
25 133 12.000000
25 142 5.000000
25 148 13.000000
26 1 7.000000
26 2 13.000000
26 9 4.000000
26 44 11.000000
26 89 6.000000
26 98 11.000000
26 110 9.000000
26 122 3.000000
26 139 12.000000
26 141 12.000000
26 142 5.000000
26 147 10.000000
27 1 10.000000
27 7 11.000000
27 22 5.000000
27 30 5.000000
27 37 4.000000
27 47 12.000000
27 52 7.000000
27 77 4.000000
27 85 8.000000
27 86 6.000000
27 89 9.000000
27 101 3.000000
27 105 5.000000
27 132 7.000000
27 145 8.000000
28 14 5.000000
28 15 9.000000
28 16 12.000000
28 23 9.000000
28 27 13.000000
28 47 12.000000
28 53 11.000000
28 59 5.000000
28 77 5.000000
28 86 5.000000
28 88 3.000000
28 91 6.000000
28 99 5.000000
28 104 12.000000
28 110 13.000000
28 113 8.000000
28 114 6.000000
28 129 9.000000
28 131 6.000000
28 134 10.000000
28 135 8.000000
28 139 5.000000
28 148 5.000000
29 4 6.000000
29 7 8.000000
29 17 13.000000
29 23 7.000000
29 52 12.000000
29 63 3.000000
29 64 4.000000
29 71 13.000000
29 72 3.000000
29 79 5.000000
29 102 5.000000
29 110 4.000000
29 111 6.000000
29 113 13.000000
29 119 10.000000
29 121 5.000000
29 129 7.000000
29 144 5.000000
30 37 11.000000
30 40 10.000000
30 45 7.000000
30 48 8.000000
30 62 11.000000
30 64 5.000000
30 94 8.000000
30 107 5.000000
30 114 7.000000
30 129 3.000000
30 132 7.000000
30 140 8.000000
31 6 10.000000
31 9 5.000000
31 14 6.000000
31 16 7.000000
31 20 13.000000
31 28 5.000000
31 33 4.000000
31 35 3.000000
31 38 9.000000
31 43 6.000000
31 45 8.000000
31 51 3.000000
31 56 8.000000
31 62 5.000000
31 64 7.000000
31 122 3.000000
31 123 5.000000
31 140 7.000000
31 141 7.000000
31 147 12.000000
32 7 5.000000
32 54 10.000000
32 69 10.000000
32 91 9.000000
32 92 6.000000
32 98 4.000000
32 100 13.000000
32 103 11.000000
32 104 6.000000
32 107 8.000000
32 111 12.000000
32 120 5.000000
32 128 4.000000
32 134 13.000000
33 2 13.000000
33 20 13.000000
33 27 3.000000
33 37 3.000000
33 38 13.000000
33 60 12.000000
33 64 13.000000
33 88 3.000000
33 89 10.000000
33 93 9.000000
33 107 11.000000
33 111 4.000000
33 133 3.000000
33 142 9.000000
34 61 7.000000
34 66 6.000000
34 78 5.000000
34 84 3.000000
34 93 13.000000
34 121 5.000000
34 138 11.000000
34 149 4.000000
35 4 4.000000
35 14 10.000000
35 18 10.000000
35 20 9.000000
35 29 10.000000
35 40 11.000000
35 41 6.000000
35 47 13.000000
35 71 12.000000
35 90 5.000000
35 99 13.000000
35 130 7.000000
35 133 7.000000
35 137 3.000000
35 138 12.000000
36 13 13.000000
36 20 4.000000
36 23 7.000000
36 25 8.000000
36 35 8.000000
36 38 11.000000
36 40 13.000000
36 51 6.000000
36 53 9.000000
36 54 12.000000
36 59 7.000000
36 71 12.000000
36 72 3.000000
36 88 3.000000
36 106 11.000000
36 112 4.000000
36 125 4.000000
36 149 8.000000
36 150 7.000000
37 17 4.000000
37 20 12.000000
37 23 12.000000
37 24 5.000000
37 29 5.000000
37 33 6.000000
37 43 6.000000
37 44 9.000000
37 59 5.000000
37 60 9.000000
37 78 13.000000
37 79 7.000000
37 92 4.000000
37 95 11.000000
37 108 4.000000
37 115 10.000000
37 140 6.000000
37 146 12.000000
37 150 3.000000
38 4 12.000000
38 13 7.000000
38 14 8.000000
38 19 6.000000
38 22 13.000000
38 35 12.000000
38 51 13.000000
38 64 6.000000
38 75 5.000000
38 76 4.000000
38 78 7.000000
38 81 13.000000
38 106 11.000000
38 120 3.000000
38 125 7.000000
38 129 11.000000
38 139 8.000000
39 10 5.000000
39 25 7.000000
39 27 9.000000
39 28 6.000000
39 29 3.000000
39 41 8.000000
39 53 8.000000
39 58 7.000000
39 59 7.000000
39 81 8.000000
39 107 7.000000
39 109 3.000000
39 119 4.000000
39 124 3.000000
39 125 9.000000
39 139 8.000000
39 147 9.000000
40 2 3.000000
40 23 6.000000
40 29 11.000000
40 31 13.000000
40 33 10.000000
40 48 5.000000
40 55 3.000000
40 63 13.000000
40 116 13.000000
40 121 10.000000
40 131 12.000000
40 132 12.000000
40 139 10.000000
40 145 12.000000
40 149 12.000000
41 5 8.000000
41 27 9.000000
41 45 11.000000
41 47 5.000000
41 54 3.000000
41 64 12.000000
41 71 8.000000
41 101 4.000000
41 105 9.000000
41 113 7.000000
41 118 7.000000
41 119 11.000000
41 126 6.000000
41 141 8.000000
41 144 7.000000
42 9 5.000000
42 14 3.000000
42 22 8.000000
42 29 11.000000
42 65 4.000000
42 67 6.000000
42 74 7.000000
42 91 3.000000
42 94 3.000000
42 102 13.000000
42 106 4.000000
42 126 7.000000
42 128 6.000000
42 129 13.000000
42 130 7.000000
42 135 5.000000
42 136 12.000000
42 144 11.000000
42 148 8.000000
42 150 10.000000
43 4 6.000000
43 23 6.000000
43 28 13.000000
43 70 12.000000
43 75 9.000000
43 76 6.000000
43 89 8.000000
43 92 12.000000
43 95 3.000000
43 98 12.000000
43 121 5.000000
43 132 12.000000
43 133 13.000000
43 134 10.000000
44 5 8.000000
44 29 4.000000
44 60 13.000000
44 68 11.000000
44 72 7.000000
44 98 6.000000
44 102 13.000000
44 120 8.000000
44 121 6.000000
44 128 12.000000
44 131 11.000000
44 132 10.000000
44 149 6.000000
45 3 5.000000
45 7 9.000000
45 19 13.000000
45 34 8.000000
45 42 8.000000
45 52 8.000000
45 56 7.000000
45 67 7.000000
45 89 6.000000
45 91 4.000000
45 96 12.000000
45 102 4.000000
45 124 6.000000
45 135 6.000000
45 136 10.000000
45 144 12.000000
45 146 6.000000
45 150 9.000000
46 11 11.000000
46 20 13.000000
46 42 7.000000
46 58 8.000000
46 59 10.000000
46 80 11.000000
46 82 4.000000
46 85 12.000000
46 93 6.000000
46 109 10.000000
46 113 11.000000
46 122 6.000000
46 127 12.000000
46 140 6.000000
47 10 7.000000
47 19 13.000000
47 37 5.000000
47 44 4.000000
47 59 6.000000
47 60 4.000000
47 73 9.000000
47 94 3.000000
47 104 4.000000
47 105 8.000000
47 110 4.000000
47 117 10.000000
47 125 13.000000
47 146 6.000000
47 148 5.000000
48 18 12.000000
48 31 12.000000
48 45 10.000000
48 61 10.000000
48 70 9.000000
48 77 4.000000
48 86 6.000000
48 87 3.000000
48 96 11.000000
48 105 6.000000
48 106 13.000000
48 108 11.000000
48 110 6.000000
48 121 13.000000
48 130 11.000000
48 143 11.000000
49 1 5.000000
49 10 10.000000
49 13 10.000000
49 31 10.000000
49 40 13.000000
49 51 9.000000
49 52 12.000000
49 57 10.000000
49 58 13.000000
49 66 6.000000
49 92 12.000000
49 97 5.000000
49 132 5.000000
49 142 13.000000
49 146 11.000000
50 12 11.000000
50 30 3.000000
50 33 13.000000
50 39 4.000000
50 51 9.000000
50 56 9.000000
50 61 12.000000
50 70 4.000000
50 74 3.000000
50 77 10.000000
50 84 13.000000
50 91 6.000000
50 126 3.000000
50 130 7.000000
50 140 6.000000
51 5 3.000000
51 11 11.000000
51 26 6.000000
51 49 13.000000
51 55 6.000000
51 78 3.000000
51 87 13.000000
51 94 5.000000
51 115 5.000000
51 122 4.000000
51 127 4.000000
51 147 5.000000
52 3 7.000000
52 11 4.000000
52 24 9.000000
52 36 12.000000
52 42 4.000000
52 47 7.000000
52 67 11.000000
52 81 4.000000
52 92 10.000000
52 97 9.000000
52 102 7.000000
52 110 5.000000
52 122 10.000000
52 124 6.000000
52 126 8.000000
52 140 13.000000
53 18 3.000000
53 32 7.000000
53 40 6.000000
53 41 9.000000
53 57 8.000000
53 64 12.000000
53 76 13.000000
53 77 12.000000
53 85 9.000000
53 86 8.000000
53 93 5.000000
53 97 8.000000
53 102 5.000000
53 115 7.000000
53 124 3.000000
53 128 3.000000
54 1 6.000000
54 3 11.000000
54 4 8.000000
54 8 3.000000
54 37 11.000000
54 40 7.000000
54 48 6.000000
54 57 7.000000
54 67 11.000000
54 77 7.000000
54 96 9.000000
54 111 13.000000
54 131 9.000000
54 134 5.000000
55 7 5.000000
55 16 4.000000
55 34 4.000000
55 77 13.000000
55 84 11.000000
55 90 11.000000
55 98 3.000000
55 105 4.000000
55 108 4.000000
55 116 8.000000
55 135 12.000000
55 150 7.000000
56 24 11.000000
56 28 10.000000
56 39 7.000000
56 40 5.000000
56 44 6.000000
56 47 13.000000
56 48 5.000000
56 63 4.000000
56 67 10.000000
56 81 6.000000
56 87 9.000000
56 91 8.000000
56 139 10.000000
56 149 3.000000
57 11 3.000000
57 47 12.000000
57 60 8.000000
57 66 13.000000
57 67 4.000000
57 70 13.000000
57 80 10.000000
57 82 13.000000
57 85 13.000000
57 86 4.000000
57 93 3.000000
57 116 4.000000
57 118 4.000000
57 134 6.000000
57 141 4.000000
57 148 3.000000
58 8 5.000000
58 11 4.000000
58 14 4.000000
58 17 7.000000
58 18 5.000000
58 23 11.000000
58 26 6.000000
58 71 10.000000
58 85 10.000000
58 89 5.000000
58 97 5.000000
58 129 5.000000
58 130 11.000000
59 9 5.000000
59 23 8.000000
59 25 8.000000
59 31 3.000000
59 32 13.000000
59 33 6.000000
59 42 13.000000
59 45 5.000000
59 56 9.000000
59 69 10.000000
59 95 11.000000
59 101 3.000000
59 105 10.000000
59 115 7.000000
59 122 8.000000
59 143 8.000000
59 144 12.000000
60 53 4.000000
60 54 11.000000
60 62 3.000000
60 85 6.000000
60 93 7.000000
60 103 7.000000
60 104 12.000000
60 114 11.000000
60 123 8.000000
60 124 5.000000
61 14 10.000000
61 23 6.000000
61 29 5.000000
61 32 13.000000
61 33 4.000000
61 37 9.000000
61 46 11.000000
61 53 3.000000
61 64 11.000000
61 74 4.000000
61 80 5.000000
61 84 12.000000
61 100 7.000000
61 110 13.000000
61 124 11.000000
61 138 4.000000
62 17 11.000000
62 19 12.000000
62 52 8.000000
62 53 13.000000
62 58 4.000000
62 60 6.000000
62 81 12.000000
62 98 6.000000
62 100 6.000000
62 119 8.000000
62 148 10.000000
63 17 8.000000
63 24 8.000000
63 55 7.000000
63 74 5.000000
63 82 4.000000
63 100 3.000000
63 105 13.000000
63 120 11.000000
63 125 6.000000
63 130 7.000000
63 132 11.000000
63 133 8.000000
63 138 5.000000
64 1 8.000000
64 9 11.000000
64 12 8.000000
64 13 6.000000
64 21 8.000000
64 28 8.000000
64 42 6.000000
64 72 9.000000
64 85 8.000000
64 96 9.000000
64 97 11.000000
64 98 6.000000
64 105 9.000000
64 118 6.000000
65 25 8.000000
65 28 4.000000
65 59 4.000000
65 61 4.000000
65 89 13.000000
65 96 13.000000
65 117 11.000000
65 121 6.000000
65 130 9.000000
65 142 10.000000
66 3 10.000000
66 6 13.000000
66 14 10.000000
66 23 6.000000
66 28 6.000000
66 34 6.000000
66 35 11.000000
66 45 13.000000
66 50 8.000000
66 55 10.000000
66 57 5.000000
66 60 7.000000
66 65 4.000000
66 70 4.000000
66 95 9.000000
66 121 8.000000
66 125 10.000000
66 140 11.000000
67 2 9.000000
67 11 10.000000
67 15 11.000000
67 19 6.000000
67 30 8.000000
67 45 12.000000
67 69 12.000000
67 76 6.000000
67 82 12.000000
67 85 8.000000
67 89 11.000000
67 102 13.000000
67 110 3.000000
67 131 4.000000
67 141 4.000000
67 150 4.000000
68 12 10.000000
68 15 7.000000
68 20 6.000000
68 39 13.000000
68 71 9.000000
68 74 9.000000
68 99 8.000000
68 109 6.000000
68 113 5.000000
68 117 13.000000
68 140 12.000000
69 23 8.000000
69 59 8.000000
69 60 8.000000
69 79 4.000000
69 104 10.000000
69 113 5.000000
69 136 13.000000
69 143 7.000000
69 147 8.000000
69 148 5.000000
70 8 12.000000
70 10 10.000000
70 30 5.000000
70 87 11.000000
70 91 3.000000
70 107 5.000000
70 114 13.000000
70 133 12.000000
70 134 3.000000
70 141 4.000000
70 145 6.000000
71 5 9.000000
71 9 10.000000
71 78 6.000000
71 107 8.000000
71 108 5.000000
71 116 6.000000
71 119 6.000000
71 121 5.000000
71 132 12.000000
71 145 12.000000
72 3 9.000000
72 4 3.000000
72 12 5.000000
72 16 11.000000
72 24 10.000000
72 25 13.000000
72 30 12.000000
72 37 4.000000
72 38 4.000000
72 47 5.000000
72 68 5.000000
72 80 6.000000
72 89 11.000000
72 90 7.000000
72 106 5.000000
72 123 9.000000
72 124 5.000000
72 127 7.000000
72 128 3.000000
72 129 3.000000
72 138 11.000000
72 149 4.000000
73 1 10.000000
73 12 6.000000
73 15 5.000000
73 17 4.000000
73 23 4.000000
73 40 11.000000
73 49 6.000000
73 52 5.000000
73 62 12.000000
73 95 12.000000
73 105 11.000000
73 133 6.000000
73 138 13.000000
73 144 9.000000
74 15 11.000000
74 43 3.000000
74 71 11.000000
74 75 11.000000
74 76 7.000000
74 78 3.000000
74 83 10.000000
74 93 13.000000
74 107 7.000000
74 111 3.000000
74 124 13.000000
74 131 6.000000
74 135 9.000000
74 137 9.000000
74 150 13.000000
75 3 8.000000
75 11 10.000000
75 23 7.000000
75 35 6.000000
75 38 7.000000
75 40 7.000000
75 45 12.000000
75 58 12.000000
75 65 4.000000
75 70 3.000000
75 71 11.000000
75 76 6.000000
75 113 6.000000
75 138 6.000000
76 19 12.000000
76 21 12.000000
76 29 3.000000
76 53 9.000000
76 56 6.000000
76 61 11.000000
76 62 3.000000
76 66 11.000000
76 75 12.000000
76 78 9.000000
76 110 5.000000
76 122 12.000000
76 124 3.000000
76 126 9.000000
76 134 5.000000
77 7 5.000000
77 15 3.000000
77 24 8.000000
77 29 7.000000
77 42 9.000000
77 88 6.000000
77 95 5.000000
77 96 11.000000
77 97 13.000000
77 111 6.000000
77 117 7.000000
77 136 10.000000
77 137 6.000000
78 1 11.000000
78 10 4.000000
78 19 4.000000
78 26 4.000000
78 36 13.000000
78 39 10.000000
78 63 10.000000
78 69 3.000000
78 71 4.000000
78 108 4.000000
78 115 8.000000
78 122 9.000000
78 125 4.000000
78 126 3.000000
78 129 12.000000
78 134 9.000000
78 139 12.000000
79 37 9.000000
79 44 13.000000
79 61 7.000000
79 84 12.000000
79 90 6.000000
79 106 10.000000
79 135 4.000000
79 142 13.000000
79 144 13.000000
79 145 13.000000
80 19 6.000000
80 25 6.000000
80 27 7.000000
80 41 5.000000
80 45 11.000000
80 47 8.000000
80 74 8.000000
80 86 12.000000
80 107 5.000000
80 119 9.000000
80 121 12.000000
80 122 6.000000
80 136 9.000000
80 145 6.000000
81 21 7.000000
81 66 13.000000
81 68 6.000000
81 100 13.000000
81 110 4.000000
81 117 4.000000
81 120 4.000000
81 136 8.000000
81 144 3.000000
81 148 7.000000
82 11 12.000000
82 12 10.000000
82 25 4.000000
82 31 3.000000
82 34 10.000000
82 37 10.000000
82 43 13.000000
82 54 3.000000
82 59 4.000000
82 60 13.000000
82 74 3.000000
82 78 13.000000
82 132 9.000000
82 141 13.000000
82 146 10.000000
82 147 13.000000
83 1 10.000000
83 20 11.000000
83 48 12.000000
83 58 3.000000
83 74 12.000000
83 77 9.000000
83 88 12.000000
83 93 5.000000
83 102 10.000000
83 108 11.000000
83 116 10.000000
83 123 9.000000
83 124 3.000000
83 127 9.000000
83 149 11.000000
84 11 7.000000
84 17 13.000000
84 66 6.000000
84 69 12.000000
84 72 12.000000
84 76 5.000000
84 77 6.000000
84 78 12.000000
84 82 11.000000
84 104 12.000000
84 109 3.000000
84 111 6.000000
84 125 10.000000
84 130 4.000000
84 133 10.000000
84 134 9.000000
84 149 10.000000
85 7 5.000000
85 18 8.000000
85 27 6.000000
85 36 5.000000
85 49 9.000000
85 67 11.000000
85 83 9.000000
85 99 13.000000
85 113 12.000000
85 125 9.000000
85 150 10.000000
86 23 12.000000
86 26 8.000000
86 48 7.000000
86 68 11.000000
86 69 9.000000
86 74 8.000000
86 78 10.000000
86 96 13.000000
86 108 9.000000
86 136 10.000000
87 6 11.000000
87 17 8.000000
87 21 4.000000
87 70 3.000000
87 82 5.000000
87 86 3.000000
87 92 9.000000
87 116 4.000000
87 119 6.000000
87 132 3.000000
88 13 9.000000
88 15 12.000000
88 19 13.000000
88 23 9.000000
88 35 10.000000
88 38 6.000000
88 40 10.000000
88 59 6.000000
88 61 12.000000
88 68 10.000000
88 85 4.000000
88 91 10.000000
88 115 13.000000
88 119 6.000000
88 124 8.000000
88 127 12.000000
89 75 11.000000
89 76 10.000000
89 87 3.000000
89 95 13.000000
89 96 10.000000
89 101 4.000000
89 109 6.000000
89 130 5.000000
89 136 8.000000
89 150 6.000000
90 1 4.000000
90 3 5.000000
90 17 4.000000
90 22 13.000000
90 24 10.000000
90 40 12.000000
90 89 12.000000
90 119 12.000000
90 123 3.000000
90 139 7.000000
91 1 9.000000
91 22 13.000000
91 25 3.000000
91 34 9.000000
91 46 6.000000
91 58 8.000000
91 93 9.000000
92 2 5.000000
92 4 5.000000
92 5 4.000000
92 11 9.000000
92 18 8.000000
92 30 4.000000
92 45 6.000000
92 48 6.000000
92 55 5.000000
92 56 12.000000
92 68 6.000000
92 74 7.000000
92 91 12.000000
92 94 3.000000
92 114 7.000000
92 126 3.000000
92 129 4.000000
92 136 11.000000
92 142 5.000000
92 145 13.000000
93 3 6.000000
93 11 6.000000
93 34 12.000000
93 37 12.000000
93 64 10.000000
93 79 7.000000
93 87 3.000000
93 90 11.000000
93 92 5.000000
93 94 6.000000
93 100 4.000000
93 122 4.000000
93 144 5.000000
94 5 7.000000
94 6 4.000000
94 18 9.000000
94 19 13.000000
94 42 5.000000
94 44 12.000000
94 61 6.000000
94 66 13.000000
94 71 11.000000
94 82 5.000000
94 103 6.000000
94 117 13.000000
94 126 7.000000
94 134 10.000000
94 135 13.000000
94 137 4.000000
94 138 10.000000
94 147 10.000000
94 148 8.000000
95 12 6.000000
95 20 7.000000
95 22 3.000000
95 51 5.000000
95 54 13.000000
95 59 6.000000
95 63 8.000000
95 72 3.000000
95 73 5.000000
95 83 7.000000
95 91 9.000000
95 111 8.000000
95 115 7.000000
95 119 11.000000
95 126 9.000000
95 131 3.000000
95 146 13.000000
96 7 5.000000
96 10 10.000000
96 13 9.000000
96 14 9.000000
96 16 9.000000
96 19 11.000000
96 20 10.000000
96 36 13.000000
96 43 7.000000
96 50 5.000000
96 51 11.000000
96 52 4.000000
96 54 3.000000
96 73 5.000000
96 86 10.000000
96 92 13.000000
96 94 11.000000
96 110 5.000000
96 111 13.000000
97 13 8.000000
97 17 8.000000
97 19 13.000000
97 31 6.000000
97 39 3.000000
97 41 5.000000
97 42 12.000000
97 46 10.000000
97 79 12.000000
97 80 12.000000
97 90 6.000000
97 94 12.000000
97 95 6.000000
97 100 13.000000
97 104 5.000000
97 113 8.000000
97 120 11.000000
97 136 8.000000
97 144 10.000000
98 10 3.000000
98 11 12.000000
98 14 4.000000
98 15 10.000000
98 17 5.000000
98 20 7.000000
98 30 5.000000
98 37 9.000000
98 38 13.000000
98 41 6.000000
98 42 11.000000
98 43 7.000000
98 51 5.000000
98 54 7.000000
98 57 10.000000
98 66 4.000000
98 73 6.000000
98 84 6.000000
98 93 11.000000
98 103 11.000000
98 118 10.000000
98 140 12.000000
99 2 7.000000
99 5 11.000000
99 7 12.000000
99 8 3.000000
99 9 13.000000
99 11 5.000000
99 26 8.000000
99 39 4.000000
99 61 9.000000
99 65 12.000000
99 76 9.000000
99 98 10.000000
99 102 9.000000
99 104 4.000000
99 108 4.000000
99 137 4.000000
100 4 5.000000
100 11 13.000000
100 28 5.000000
100 30 5.000000
100 42 12.000000
100 44 3.000000
100 55 6.000000
100 57 3.000000
100 71 11.000000
100 85 9.000000
100 92 4.000000
100 93 3.000000
100 121 10.000000
100 128 8.000000
100 132 8.000000
100 139 7.000000
101 4 3.000000
101 28 3.000000
101 31 12.000000
101 42 13.000000
101 47 8.000000
101 51 12.000000
101 56 10.000000
101 60 8.000000
101 71 7.000000
101 76 3.000000
101 78 5.000000
101 82 4.000000
101 83 13.000000
101 106 12.000000
101 118 13.000000
101 131 4.000000
101 133 6.000000
102 7 8.000000
102 20 7.000000
102 24 8.000000
102 30 11.000000
102 32 3.000000
102 48 9.000000
102 50 6.000000
102 52 7.000000
102 56 9.000000
102 64 11.000000
102 67 4.000000
102 69 9.000000
102 73 9.000000
102 76 6.000000
102 80 6.000000
102 81 8.000000
102 82 5.000000
102 91 13.000000
102 97 12.000000
102 114 13.000000
102 127 8.000000
102 134 5.000000
102 135 12.000000
102 141 4.000000
102 143 12.000000
102 145 10.000000
102 146 11.000000
103 19 13.000000
103 37 7.000000
103 41 5.000000
103 56 13.000000
103 67 7.000000
103 71 8.000000
103 77 13.000000
103 82 5.000000
103 89 7.000000
103 99 3.000000
103 110 3.000000
103 114 7.000000
103 118 5.000000
103 120 4.000000
103 121 12.000000
103 124 12.000000
103 125 8.000000
103 135 4.000000
104 13 5.000000
104 18 11.000000
104 20 13.000000
104 26 6.000000
104 38 5.000000
104 62 13.000000
104 74 8.000000
104 81 13.000000
104 88 10.000000
104 105 12.000000
104 138 3.000000
104 143 9.000000
105 2 4.000000
105 33 10.000000
105 37 8.000000
105 39 7.000000
105 44 3.000000
105 46 8.000000
105 47 8.000000
105 49 9.000000
105 74 8.000000
105 75 8.000000
105 94 11.000000
105 101 10.000000
105 106 7.000000
105 114 4.000000
105 130 3.000000
105 141 11.000000
106 14 8.000000
106 15 7.000000
106 18 13.000000
106 22 5.000000
106 50 12.000000
106 56 13.000000
106 64 3.000000
106 73 3.000000
106 74 11.000000
106 76 3.000000
106 88 4.000000
106 89 13.000000
106 102 6.000000
106 109 9.000000
106 113 11.000000
106 116 9.000000
106 128 8.000000
106 131 12.000000
106 138 13.000000
107 2 12.000000
107 3 4.000000
107 8 9.000000
107 16 5.000000
107 38 9.000000
107 86 10.000000
107 94 10.000000
107 98 7.000000
107 100 3.000000
107 102 8.000000
107 103 6.000000
107 110 6.000000
107 111 11.000000
107 116 6.000000
107 122 7.000000
107 127 3.000000
107 137 3.000000
107 149 13.000000
108 10 3.000000
108 13 9.000000
108 16 13.000000
108 23 9.000000
108 31 3.000000
108 38 11.000000
108 54 10.000000
108 56 7.000000
108 63 6.000000
108 65 12.000000
108 73 4.000000
108 76 12.000000
108 79 3.000000
108 82 12.000000
108 83 7.000000
108 99 7.000000
108 105 8.000000
108 107 5.000000
108 109 9.000000
108 110 11.000000
108 118 3.000000
108 121 6.000000
108 127 10.000000
108 129 11.000000
109 15 3.000000
109 17 12.000000
109 19 4.000000
109 45 5.000000
109 46 11.000000
109 48 11.000000
109 59 10.000000
109 83 3.000000
109 102 7.000000
109 110 5.000000
109 114 6.000000
109 145 11.000000
109 147 5.000000
110 14 8.000000
110 27 9.000000
110 40 3.000000
110 82 13.000000
110 90 5.000000
110 98 6.000000
110 111 9.000000
110 136 9.000000
110 141 5.000000
111 27 6.000000
111 28 13.000000
111 34 5.000000
111 48 8.000000
111 69 12.000000
111 71 13.000000
111 72 11.000000
111 90 3.000000
111 98 13.000000
111 106 10.000000
111 110 12.000000
111 113 12.000000
111 144 7.000000
111 148 6.000000
112 25 9.000000
112 35 13.000000
112 45 13.000000
112 57 6.000000
112 60 7.000000
112 63 11.000000
112 66 9.000000
112 78 8.000000
112 85 7.000000
112 95 4.000000
112 127 9.000000
112 142 7.000000
113 5 5.000000
113 18 8.000000
113 27 13.000000
113 35 3.000000
113 43 9.000000
113 50 12.000000
113 55 13.000000
113 71 3.000000
113 94 11.000000
113 100 9.000000
113 114 6.000000
113 117 5.000000
113 120 3.000000
113 125 10.000000
113 127 12.000000
113 131 4.000000
113 146 10.000000
114 15 3.000000
114 20 8.000000
114 26 11.000000
114 42 7.000000
114 46 12.000000
114 56 6.000000
114 69 9.000000
114 71 10.000000
114 77 9.000000
114 88 9.000000
114 99 7.000000
114 138 5.000000
114 142 13.000000
114 144 6.000000
114 150 7.000000
115 11 11.000000
115 34 10.000000
115 38 7.000000
115 50 4.000000
115 52 5.000000
115 54 13.000000
115 56 13.000000
115 61 11.000000
115 74 6.000000
115 94 13.000000
115 101 5.000000
115 102 12.000000
115 103 8.000000
115 105 11.000000
115 122 8.000000
115 147 5.000000
115 149 8.000000
116 11 8.000000
116 14 8.000000
116 23 13.000000
116 42 10.000000
116 46 3.000000
116 49 11.000000
116 52 13.000000
116 64 13.000000
116 86 10.000000
116 88 12.000000
116 89 5.000000
116 93 9.000000
116 106 10.000000
116 118 10.000000
116 131 4.000000
116 147 9.000000
117 3 13.000000
117 6 5.000000
117 31 5.000000
117 32 11.000000
117 38 9.000000
117 41 6.000000
117 45 5.000000
117 52 12.000000
117 56 9.000000
117 68 5.000000
117 89 8.000000
117 100 13.000000
118 3 6.000000
118 5 11.000000
118 32 4.000000
118 36 4.000000
118 40 7.000000
118 49 7.000000
118 56 8.000000
118 68 4.000000
118 69 12.000000
118 76 3.000000
118 78 5.000000
118 82 10.000000
118 96 12.000000
118 107 11.000000
118 110 3.000000
118 119 13.000000
119 9 11.000000
119 17 7.000000
119 27 13.000000
119 55 9.000000
119 56 5.000000
119 69 7.000000
119 73 5.000000
119 81 13.000000
119 84 8.000000
119 94 9.000000
119 95 9.000000
119 100 8.000000
119 109 8.000000
119 113 3.000000
119 123 10.000000
119 136 9.000000
119 148 5.000000
119 149 5.000000
120 27 5.000000
120 46 10.000000
120 47 5.000000
120 59 12.000000
120 62 5.000000
120 78 10.000000
120 84 11.000000
120 92 8.000000
120 117 13.000000
120 119 5.000000
120 124 10.000000
120 127 4.000000
120 128 8.000000
120 129 6.000000
120 133 4.000000
121 7 13.000000
121 12 4.000000
121 35 13.000000
121 40 4.000000
121 61 7.000000
121 85 10.000000
121 116 11.000000
121 122 11.000000
121 123 11.000000
121 125 3.000000
121 128 13.000000
121 139 6.000000
122 18 4.000000
122 36 10.000000
122 40 3.000000
122 44 12.000000
122 54 9.000000
122 55 8.000000
122 65 8.000000
122 76 4.000000
122 82 6.000000
122 89 8.000000
122 102 8.000000
122 133 11.000000
123 13 5.000000
123 28 7.000000
123 38 6.000000
123 54 3.000000
123 60 13.000000
123 66 11.000000
123 74 5.000000
123 77 12.000000
123 78 7.000000
123 89 4.000000
123 102 8.000000
123 121 7.000000
123 125 5.000000
123 127 12.000000
123 129 3.000000
124 1 11.000000
124 10 6.000000
124 17 4.000000
124 23 9.000000
124 27 12.000000
124 58 6.000000
124 59 11.000000
124 62 6.000000
124 78 10.000000
124 99 10.000000
124 105 10.000000
124 111 8.000000
124 120 13.000000
124 131 12.000000
124 146 12.000000
125 41 3.000000
125 44 10.000000
125 64 6.000000
125 66 5.000000
125 69 9.000000
125 70 6.000000
125 76 10.000000
125 81 7.000000
125 82 8.000000
125 85 4.000000
125 102 10.000000
125 124 3.000000
125 131 13.000000
125 134 12.000000
125 136 7.000000
125 137 6.000000
125 142 3.000000
125 150 10.000000
126 9 7.000000
126 16 8.000000
126 27 8.000000
126 28 3.000000
126 29 7.000000
126 39 11.000000
126 44 13.000000
126 45 11.000000
126 49 8.000000
126 60 8.000000
126 67 12.000000
126 76 4.000000
126 93 8.000000
126 129 12.000000
126 131 10.000000
126 136 4.000000
126 137 4.000000
127 18 11.000000
127 34 6.000000
127 35 4.000000
127 37 9.000000
127 42 13.000000
127 50 3.000000
127 59 12.000000
127 65 5.000000
127 69 8.000000
127 70 7.000000
127 76 12.000000
127 86 7.000000
127 90 13.000000
127 111 4.000000
127 113 9.000000
127 116 6.000000
127 137 11.000000
128 7 12.000000
128 8 8.000000
128 10 9.000000
128 16 6.000000
128 18 6.000000
128 39 10.000000
128 45 8.000000
128 59 5.000000
128 70 8.000000
128 74 12.000000
128 91 4.000000
128 105 13.000000
128 108 4.000000
128 111 8.000000
128 116 13.000000
128 135 10.000000
129 3 12.000000
129 14 10.000000
129 18 8.000000
129 45 9.000000
129 52 13.000000
129 55 8.000000
129 106 12.000000
129 112 9.000000
129 146 6.000000
130 9 13.000000
130 17 8.000000
130 25 7.000000
130 36 3.000000
130 47 7.000000
130 51 7.000000
130 57 13.000000
130 58 6.000000
130 60 5.000000
130 70 12.000000
130 77 12.000000
130 78 7.000000
130 107 7.000000
130 110 7.000000
130 113 13.000000
130 117 13.000000
130 124 13.000000
130 133 9.000000
130 140 6.000000
130 143 7.000000
130 144 8.000000
130 147 6.000000
131 15 3.000000
131 22 12.000000
131 34 10.000000
131 48 12.000000
131 52 8.000000
131 54 9.000000
131 55 5.000000
131 59 12.000000
131 77 12.000000
131 79 3.000000
131 82 5.000000
131 105 3.000000
131 140 7.000000
132 1 6.000000
132 2 12.000000
132 6 5.000000
132 29 10.000000
132 33 9.000000
132 40 13.000000
132 42 4.000000
132 48 12.000000
132 63 12.000000
132 67 6.000000
132 70 13.000000
132 82 4.000000
132 105 4.000000
132 112 7.000000
132 113 5.000000
132 117 13.000000
132 127 10.000000
132 134 7.000000
132 139 5.000000
133 19 7.000000
133 34 5.000000
133 46 7.000000
133 52 6.000000
133 57 9.000000
133 68 8.000000
133 75 7.000000
133 77 3.000000
133 87 4.000000
133 88 8.000000
133 91 9.000000
133 112 7.000000
133 119 7.000000
133 143 12.000000
133 145 6.000000
133 146 13.000000
134 26 11.000000
134 29 5.000000
134 60 11.000000
134 71 6.000000
134 79 6.000000
134 90 3.000000
134 96 11.000000
134 133 6.000000
134 143 11.000000
134 148 12.000000
135 1 4.000000
135 7 6.000000
135 20 4.000000
135 41 7.000000
135 50 4.000000
135 51 8.000000
135 56 10.000000
135 88 5.000000
135 124 8.000000
135 145 11.000000
136 1 9.000000
136 11 12.000000
136 38 12.000000
136 40 5.000000
136 64 12.000000
136 74 8.000000
136 75 6.000000
136 85 8.000000
136 103 11.000000
136 124 13.000000
136 126 12.000000
136 134 4.000000
137 3 3.000000
137 34 3.000000
137 35 4.000000
137 36 12.000000
137 48 12.000000
137 88 3.000000
137 91 13.000000
137 95 8.000000
137 96 11.000000
137 104 12.000000
137 107 5.000000
137 128 10.000000
137 131 8.000000
138 63 10.000000
138 89 9.000000
138 115 3.000000
138 125 7.000000
139 8 6.000000
139 14 8.000000
139 34 10.000000
139 35 6.000000
139 44 9.000000
139 50 12.000000
139 82 7.000000
139 89 3.000000
139 108 5.000000
139 125 8.000000
139 145 5.000000
139 148 6.000000
140 2 8.000000
140 12 3.000000
140 21 7.000000
140 23 5.000000
140 28 6.000000
140 39 10.000000
140 60 6.000000
140 75 10.000000
140 86 4.000000
140 88 5.000000
140 94 7.000000
140 95 10.000000
140 106 12.000000
140 113 12.000000
140 115 10.000000
140 118 12.000000
140 132 11.000000
140 135 3.000000
141 22 12.000000
141 24 9.000000
141 71 10.000000
141 77 3.000000
141 79 6.000000
141 94 3.000000
141 109 11.000000
141 133 9.000000
141 139 10.000000
141 145 3.000000
141 147 13.000000
142 4 6.000000
142 16 3.000000
142 20 13.000000
142 30 7.000000
142 43 13.000000
142 81 4.000000
142 85 8.000000
142 91 8.000000
142 103 8.000000
142 104 5.000000
142 107 13.000000
142 123 3.000000
142 137 9.000000
142 143 9.000000
143 6 7.000000
143 41 9.000000
143 42 3.000000
143 59 4.000000
143 87 3.000000
143 93 13.000000
143 97 6.000000
143 105 5.000000
143 113 10.000000
143 135 7.000000
143 138 11.000000
143 146 12.000000
144 12 3.000000
144 18 13.000000
144 21 11.000000
144 22 10.000000
144 37 6.000000
144 47 8.000000
144 73 5.000000
144 83 8.000000
144 86 6.000000
144 121 4.000000
144 127 11.000000
144 128 12.000000
144 135 9.000000
145 2 3.000000
145 4 6.000000
145 11 11.000000
145 24 4.000000
145 29 12.000000
145 45 13.000000
145 47 7.000000
145 67 6.000000
145 69 8.000000
145 79 7.000000
145 95 10.000000
145 100 4.000000
145 109 8.000000
145 122 8.000000
145 128 6.000000
145 144 6.000000
145 146 4.000000
145 150 7.000000
146 19 12.000000
146 29 8.000000
146 44 8.000000
146 55 7.000000
146 62 8.000000
146 67 10.000000
146 73 9.000000
146 82 13.000000
146 97 5.000000
146 99 8.000000
146 104 5.000000
146 112 13.000000
146 114 13.000000
146 122 3.000000
146 132 9.000000
146 137 7.000000
147 19 5.000000
147 22 10.000000
147 33 9.000000
147 35 9.000000
147 42 12.000000
147 45 13.000000
147 46 9.000000
147 50 10.000000
147 52 13.000000
147 55 13.000000
147 56 10.000000
147 60 12.000000
147 65 4.000000
147 69 9.000000
147 98 10.000000
147 108 7.000000
147 110 4.000000
147 129 8.000000
147 134 3.000000
148 13 7.000000
148 20 9.000000
148 42 13.000000
148 45 12.000000
148 48 11.000000
148 61 12.000000
148 64 3.000000
148 69 7.000000
148 73 6.000000
148 76 9.000000
148 78 11.000000
148 79 5.000000
148 82 7.000000
148 113 7.000000
148 114 13.000000
148 118 5.000000
148 134 7.000000
148 141 13.000000
149 15 5.000000
149 22 13.000000
149 25 5.000000
149 28 9.000000
149 33 6.000000
149 66 12.000000
149 68 12.000000
149 71 7.000000
149 112 7.000000
149 120 5.000000
149 129 10.000000
149 137 11.000000
149 143 10.000000
149 148 6.000000
150 21 8.000000
150 29 11.000000
150 37 5.000000
150 38 5.000000
150 41 11.000000
150 49 8.000000
150 50 9.000000
150 57 11.000000
150 63 11.000000
150 65 5.000000
150 66 4.000000
150 68 5.000000
150 83 10.000000
150 88 9.000000
150 116 12.000000
150 118 13.000000
150 135 8.000000

